# table produced by mapDamage version 2.0.8
# using mapped file Galium/G0020_Galium-children.bam and SNIC_PROJECT/ADRIAN/genomes/Galium/GCA_012274505.1_ASM1227450v1_genomic.fna as reference file
# Chr: reference from sam/bam header, End: from which termini of DNA sequences, Std: strand of reads
Chr	End	Std	Pos	A	C	G	T	Total	G>A	C>T	A>G	T>C	A>C	A>T	C>G	C>A	T>G	T>A	G>C	G>T	A>-	T>-	C>-	G>-	->A	->T	->C	->G	S
*	3p	+	1	1949	2978	2980	2436	10343	77	42	65	78	23	19	63	12	21	12	45	25	0	0	0	0	0	0	0	0	2945
*	3p	+	2	2675	2840	2684	2144	10343	70	47	51	60	10	4	32	16	15	5	61	9	0	0	0	0	0	0	0	0	2944
*	3p	+	3	2377	2798	2894	2274	10343	53	37	48	48	14	4	53	16	9	6	45	12	0	0	0	0	0	0	0	0	2866
*	3p	+	4	2416	2665	2804	2454	10339	44	34	55	44	9	5	40	17	17	8	30	10	0	0	0	0	2	0	0	2	2756
*	3p	+	5	2531	2527	2815	2469	10342	44	42	55	45	8	2	27	12	15	7	28	12	1	0	0	0	0	1	0	0	2601
*	3p	+	6	2279	2867	3000	2195	10341	98	66	85	76	21	9	74	22	28	6	77	27	1	1	0	1	0	0	2	0	2440
*	3p	+	7	2364	2873	2729	2377	10343	74	58	72	55	17	4	43	31	15	10	65	15	1	1	1	0	0	0	0	0	2371
*	3p	+	8	2557	2606	2812	2368	10343	63	54	62	65	24	8	45	18	24	6	42	12	0	0	1	0	0	0	0	0	2280
*	3p	+	9	2384	2781	2917	2260	10342	78	74	82	73	24	7	69	12	20	10	74	25	0	2	0	0	0	0	1	0	2168
*	3p	+	10	2355	2810	2705	2471	10341	46	57	37	52	19	4	52	12	17	11	45	21	1	2	0	2	2	0	0	0	2078
*	3p	+	11	2533	2679	2830	2300	10342	57	67	65	56	26	12	44	12	20	6	67	16	0	3	0	1	1	0	0	0	1965
*	3p	+	12	2273	2868	2833	2366	10340	81	61	66	60	19	9	93	24	35	6	82	26	1	5	0	0	0	2	0	1	1908
*	3p	+	13	2415	2728	2754	2445	10342	46	52	59	72	20	10	53	24	25	12	53	15	1	1	0	1	1	0	0	0	1842
*	3p	+	14	2408	2639	2843	2449	10339	58	53	61	66	19	9	39	23	25	8	55	22	2	0	1	1	1	1	2	0	1759
*	3p	+	15	2329	2866	2890	2255	10340	49	50	91	61	27	7	78	30	12	6	74	19	1	1	2	0	1	0	1	1	1683
*	3p	+	16	2369	2825	2674	2468	10336	55	64	64	58	30	4	62	26	19	13	51	15	1	3	1	0	3	2	2	0	1612
*	3p	+	17	2456	2756	2737	2386	10335	63	50	58	65	25	9	49	11	13	11	49	12	4	1	1	0	2	3	1	2	1564
*	3p	+	18	2185	2878	3007	2264	10334	81	70	54	70	20	9	73	15	19	7	70	18	0	4	0	0	2	2	0	5	1509
*	3p	+	19	2342	2732	2813	2449	10336	67	35	55	39	18	11	47	15	24	10	55	20	0	3	3	0	1	2	3	1	1444
*	3p	+	20	2457	2643	2795	2438	10333	65	52	57	64	22	11	47	18	23	5	40	20	2	5	0	1	3	5	1	1	1385
*	3p	+	21	2309	2842	2927	2257	10335	92	68	66	82	29	14	94	27	18	9	94	29	2	4	1	1	2	5	1	0	1321
*	3p	+	22	2284	2676	2843	2531	10334	77	56	67	71	20	9	67	19	27	8	67	21	7	4	2	0	4	1	2	2	1291
*	3p	+	23	2439	2672	2831	2391	10333	69	53	75	53	33	15	60	23	17	10	53	19	6	4	0	2	2	2	3	3	1251
*	3p	+	24	2264	2854	2954	2260	10332	85	76	73	84	34	10	89	29	21	15	79	25	8	3	0	2	3	3	4	1	1208
*	3p	+	25	2308	2776	2754	2494	10332	66	68	49	79	11	15	51	18	22	9	53	25	8	6	2	1	3	3	3	2	1165
*	3p	+	26	2503	2757	2627	2442	10329	59	56	67	58	23	10	63	27	25	8	55	11	2	5	1	8	3	5	3	2	1120
*	3p	+	27	2269	2893	2859	2305	10326	75	61	74	74	29	11	89	22	15	6	83	23	3	8	0	2	1	2	6	6	1082
*	3p	+	28	2419	2776	2687	2445	10327	59	60	45	69	27	12	45	17	21	12	54	24	1	6	3	4	5	5	5	1	1046
*	3p	+	29	2462	2660	2717	2492	10331	56	55	61	60	26	12	64	19	25	13	56	15	2	9	1	4	1	4	4	3	998
*	3p	+	30	2334	2801	2911	2283	10329	86	66	88	69	30	13	84	31	26	15	71	24	6	3	2	2	4	2	3	5	957
*	3p	+	31	2306	2732	2698	2416	10152	80	70	69	57	36	9	63	23	22	9	72	20	4	3	4	3	2	5	3	7	927
*	3p	+	32	2387	2634	2599	2387	10007	52	70	74	61	23	17	57	19	22	19	58	28	2	4	2	4	3	6	3	5	881
*	3p	+	33	2153	2736	2724	2216	9829	70	65	80	70	24	13	96	27	14	9	89	23	2	0	5	2	7	9	2	2	851
*	3p	+	34	2166	2584	2527	2429	9706	50	67	60	71	16	16	56	11	17	10	52	18	2	3	4	2	6	5	6	3	825
*	3p	+	35	2317	2460	2559	2230	9566	74	63	59	58	22	13	70	19	20	10	58	25	1	2	2	5	4	4	8	4	799
*	3p	+	36	2035	2540	2568	2135	9278	81	77	74	68	22	15	97	23	25	20	91	37	5	5	3	4	3	4	6	6	774
*	3p	+	37	2037	2476	2341	2147	9001	62	64	61	65	26	6	54	20	23	8	48	20	5	4	2	3	1	8	4	7	741
*	3p	+	38	2073	2249	2280	2149	8751	61	83	55	62	14	15	56	22	22	11	65	23	5	3	0	2	4	9	3	5	712
*	3p	+	39	1842	2287	2384	1996	8509	62	82	77	88	28	11	84	20	19	9	66	33	3	10	2	3	3	3	3	5	681
*	3p	+	40	1869	2270	2061	2099	8299	44	66	63	66	16	11	50	23	16	11	58	13	2	2	3	7	2	5	1	4	649
*	3p	+	41	1902	2027	2106	1972	8007	52	47	47	66	33	15	43	14	21	14	44	26	2	3	2	5	4	5	3	1	615
*	3p	+	42	1708	2121	2103	1780	7712	73	66	74	54	16	9	55	24	32	7	69	21	2	5	1	4	2	4	3	2	589
*	3p	+	43	1653	1958	1972	1846	7429	49	48	49	59	20	10	44	16	19	6	52	22	1	1	1	4	5	1	0	3	559
*	3p	+	44	1765	1836	1860	1697	7158	57	46	60	41	16	11	42	19	16	9	48	21	3	5	2	3	0	3	2	2	539
*	3p	+	45	1600	1833	1896	1573	6902	60	61	50	62	16	13	76	17	17	2	73	18	3	3	4	3	3	2	1	1	516
*	3p	+	46	1497	1764	1678	1655	6594	44	51	46	51	16	9	48	11	20	9	55	21	5	4	4	2	2	2	2	0	489
*	3p	+	47	1586	1606	1650	1496	6338	39	49	43	33	23	10	49	11	14	7	29	11	2	4	1	5	1	0	3	3	469
*	3p	+	48	1390	1622	1707	1365	6084	55	58	59	51	18	8	52	13	17	8	66	24	1	3	3	2	4	0	6	1	451
*	3p	+	49	1342	1548	1476	1469	5835	39	31	40	42	15	8	45	11	15	6	42	15	4	4	2	2	3	2	4	1	436
*	3p	+	50	1340	1473	1420	1354	5587	34	43	37	37	19	7	28	15	18	5	28	18	2	6	2	2	8	1	3	5	421
*	3p	+	51	1207	1449	1508	1206	5370	46	42	62	35	13	6	46	18	13	7	59	15	3	6	1	1	1	2	5	3	405
*	3p	+	52	1169	1416	1325	1228	5138	34	50	37	43	10	10	37	10	18	5	43	20	1	4	5	1	2	2	4	2	389
*	3p	+	53	1169	1267	1254	1233	4923	33	35	26	35	16	7	32	15	14	5	39	13	3	2	4	3	2	3	2	5	377
*	3p	+	54	1020	1351	1235	1115	4721	47	43	40	31	18	8	41	17	13	11	57	14	3	4	1	0	0	4	2	4	360
*	3p	+	55	1039	1232	1152	1094	4517	34	39	37	38	11	6	33	15	10	4	33	15	4	2	0	1	2	4	1	2	345
*	3p	+	56	1077	1069	1146	1061	4353	34	41	24	47	14	11	27	20	11	6	37	15	0	1	4	1	1	5	6	3	332
*	3p	+	57	925	1115	1136	1003	4179	37	39	28	52	9	8	40	19	5	9	47	16	3	1	1	3	1	4	1	4	320
*	3p	+	58	907	1099	1008	1001	4015	28	27	32	30	6	5	32	10	9	9	42	10	2	3	1	2	3	2	1	2	305
*	3p	+	59	907	998	1003	927	3835	25	30	20	37	6	6	38	11	12	5	31	19	1	2	1	1	4	2	5	3	291
*	3p	+	60	823	1026	952	883	3684	39	37	26	37	14	6	42	11	7	6	43	24	1	3	0	3	3	5	1	2	279
*	3p	+	61	790	927	931	866	3514	27	40	26	27	9	8	22	5	6	3	36	10	0	3	2	3	2	6	6	2	268
*	3p	+	62	804	857	909	828	3398	15	34	32	31	13	5	15	10	10	6	31	12	0	2	1	0	5	1	2	2	260
*	3p	+	63	682	889	884	807	3262	19	27	33	26	12	9	33	6	5	5	40	14	1	5	0	0	1	3	2	1	245
*	3p	+	64	702	815	831	792	3140	21	23	28	30	6	5	19	6	13	6	25	10	2	1	2	1	2	2	3	3	232
*	3p	+	65	741	743	776	754	3014	17	29	22	25	7	3	17	9	8	5	26	13	1	3	1	1	4	2	2	1	227
*	3p	+	66	622	801	774	702	2899	23	32	22	27	7	3	34	6	10	8	30	10	0	2	3	2	5	2	1	2	211
*	3p	+	67	650	756	696	690	2792	16	22	28	25	7	5	25	10	4	4	24	7	1	2	1	3	2	1	1	1	198
*	3p	+	68	636	659	689	708	2692	21	26	20	25	6	2	16	9	5	2	21	9	1	2	0	1	2	1	2	1	189
*	3p	+	69	581	710	664	623	2578	20	26	27	21	6	7	32	9	3	4	24	10	0	1	0	1	2	0	0	1	178
*	3p	+	70	555	670	612	631	2468	17	17	17	17	6	7	20	13	8	4	20	6	0	3	1	0	0	1	1	0	168
*	3p	-	1	1956	3103	2929	2369	10357	61	38	68	59	20	6	58	17	22	9	58	24	0	0	0	0	0	0	0	0	3000
*	3p	-	2	2733	2816	2634	2174	10357	70	38	37	59	19	4	53	30	18	13	46	14	0	0	0	0	0	0	0	0	3000
*	3p	-	3	2471	2788	2890	2208	10357	61	38	46	52	16	9	45	16	15	4	40	17	0	0	0	0	0	0	0	0	2916
*	3p	-	4	2582	2507	2839	2427	10355	46	25	35	34	14	6	35	10	14	10	29	12	1	1	0	0	0	1	1	0	2811
*	3p	-	5	2631	2531	2770	2424	10356	46	30	51	25	9	4	26	9	13	6	30	11	2	0	0	2	0	1	0	0	2673
*	3p	-	6	2371	2936	2837	2211	10355	85	51	97	78	27	5	58	33	22	11	82	18	1	0	0	1	0	0	1	1	2498
*	3p	-	7	2446	2800	2738	2370	10354	62	54	67	72	21	4	45	22	19	16	50	15	0	0	1	0	1	1	1	0	2405
*	3p	-	8	2671	2681	2786	2215	10353	60	59	58	67	12	13	42	19	17	10	54	23	1	1	0	0	0	1	0	3	2315
*	3p	-	9	2327	2896	2961	2171	10355	70	50	72	56	26	6	70	25	21	13	82	24	0	1	0	2	2	0	0	0	2177
*	3p	-	10	2471	2832	2719	2333	10355	53	55	48	63	11	6	40	12	21	10	58	20	2	3	0	0	1	1	0	0	2073
*	3p	-	11	2555	2627	2743	2430	10355	68	49	88	59	22	10	64	9	29	9	53	27	1	0	0	1	0	1	0	1	1943
*	3p	-	12	2313	2929	2837	2276	10355	84	50	81	70	17	9	79	30	20	13	63	22	0	0	4	1	1	0	1	0	1869
*	3p	-	13	2403	2829	2708	2416	10356	55	50	42	47	17	10	65	20	19	13	54	9	1	0	0	1	0	0	1	0	1782
*	3p	-	14	2520	2765	2670	2401	10356	47	58	60	74	20	13	49	15	16	13	47	20	4	0	0	3	1	0	0	0	1701
*	3p	-	15	2338	2877	2855	2277	10347	67	59	69	57	20	12	51	20	32	5	58	20	5	1	1	2	3	1	4	2	1621
*	3p	-	16	2389	2879	2759	2321	10348	35	46	57	60	23	10	63	20	17	10	46	33	2	3	1	1	1	4	2	2	1559
*	3p	-	17	2474	2702	2804	2372	10352	49	48	61	59	21	10	38	33	23	10	50	23	2	4	0	0	2	1	1	1	1497
*	3p	-	18	2225	2963	2923	2239	10350	46	48	70	67	13	10	63	25	19	12	60	15	2	0	1	0	3	3	0	1	1440
*	3p	-	19	2336	2878	2797	2339	10350	52	70	35	43	18	9	51	15	14	11	64	23	3	2	2	2	4	1	0	2	1391
*	3p	-	20	2586	2684	2751	2330	10351	61	51	59	54	20	12	59	20	24	13	46	24	5	2	1	1	2	1	1	2	1352
*	3p	-	21	2397	2853	2869	2232	10351	60	81	68	82	26	10	76	30	24	8	97	36	8	0	2	1	1	1	2	2	1306
*	3p	-	22	2386	2857	2764	2344	10351	56	77	74	66	20	12	58	18	22	12	61	24	4	3	2	1	1	1	1	3	1274
*	3p	-	23	2476	2707	2715	2450	10348	60	52	77	69	21	15	47	18	26	12	60	12	3	4	2	3	3	5	0	1	1234
*	3p	-	24	2268	2871	2895	2311	10345	69	61	95	63	25	6	86	25	20	8	78	29	6	1	1	2	4	3	3	2	1190
*	3p	-	25	2445	2782	2686	2431	10344	58	57	57	58	25	10	57	24	27	12	53	19	7	2	1	1	4	2	4	2	1152
*	3p	-	26	2470	2730	2771	2373	10344	59	59	70	59	20	11	57	20	26	7	50	25	7	5	0	2	4	2	5	2	1109
*	3p	-	27	2267	2935	2907	2234	10343	88	83	82	82	14	12	95	28	25	12	60	16	3	3	1	5	3	2	3	6	1073
*	3p	-	28	2328	2894	2698	2422	10342	64	56	83	54	26	12	70	21	18	13	54	23	5	3	4	1	2	4	3	6	1027
*	3p	-	29	2435	2761	2632	2514	10342	63	62	61	71	11	16	51	20	21	19	46	23	4	1	2	5	7	4	2	2	992
*	3p	-	30	2317	2856	2853	2319	10345	70	77	81	70	19	7	67	21	33	8	86	26	4	3	4	3	3	4	4	1	944
*	3p	-	31	2325	2775	2674	2389	10163	58	72	71	85	14	15	59	20	21	10	50	21	4	5	3	2	3	2	2	4	911
*	3p	-	32	2396	2686	2578	2353	10013	42	65	61	67	34	8	47	21	14	12	59	25	3	6	2	2	2	4	0	5	875
*	3p	-	33	2166	2664	2746	2291	9867	76	62	73	78	24	6	80	16	24	7	82	27	4	5	3	3	3	4	2	3	833
*	3p	-	34	2275	2654	2445	2337	9711	57	77	58	57	24	10	33	22	17	10	59	25	7	4	1	1	3	8	3	1	797
*	3p	-	35	2338	2402	2564	2271	9575	66	60	67	78	15	12	52	22	18	17	65	23	5	2	1	1	5	6	3	1	773
*	3p	-	36	2002	2540	2523	2160	9225	78	83	74	70	26	19	66	20	12	12	76	17	3	2	1	1	3	5	2	4	755
*	3p	-	37	2110	2384	2268	2169	8931	60	83	55	66	14	9	68	24	24	15	60	23	1	3	0	0	3	4	5	2	725
*	3p	-	38	2080	2251	2217	2113	8661	55	43	58	75	18	13	56	18	17	13	53	24	5	1	4	1	2	2	5	9	693
*	3p	-	39	1840	2343	2273	1961	8417	64	71	82	69	27	5	72	23	16	16	75	29	5	3	2	3	2	3	3	6	655
*	3p	-	40	1890	2206	2115	1951	8162	52	50	49	55	23	9	53	29	22	14	50	25	8	2	4	0	4	0	8	3	624
*	3p	-	41	1910	1992	2103	1867	7872	68	56	74	58	17	13	45	27	15	9	43	18	8	4	4	1	6	4	0	5	595
*	3p	-	42	1679	2066	2095	1726	7566	60	67	59	88	21	14	51	26	16	6	70	33	8	6	4	3	3	2	4	3	572
*	3p	-	43	1639	1949	1889	1807	7284	57	64	57	52	21	8	55	11	17	7	45	29	10	9	4	4	4	6	1	1	544
*	3p	-	44	1642	1856	1772	1746	7016	43	51	50	63	13	6	40	20	20	6	40	30	8	7	2	7	3	2	1	5	524
*	3p	-	45	1543	1850	1820	1524	6737	62	68	45	59	23	12	62	17	18	10	55	26	5	4	1	4	3	5	5	5	498
*	3p	-	46	1487	1771	1668	1547	6473	49	55	43	53	18	16	58	13	13	10	38	19	6	5	0	2	8	2	2	4	467
*	3p	-	47	1513	1605	1544	1526	6188	38	44	48	48	24	10	43	17	18	6	41	18	5	1	2	2	1	6	4	3	451
*	3p	-	48	1321	1632	1545	1422	5920	46	63	48	54	16	6	57	17	15	7	49	20	4	3	1	3	2	6	2	4	443
*	3p	-	49	1344	1533	1438	1382	5697	41	43	41	45	14	8	35	12	18	9	48	18	4	1	3	2	2	5	6	5	430
*	3p	-	50	1363	1395	1384	1328	5470	31	44	49	40	17	8	26	12	16	7	21	13	1	1	2	2	2	5	6	7	413
*	3p	-	51	1175	1454	1361	1279	5269	45	55	51	49	10	6	61	15	16	7	51	22	0	2	5	2	3	5	1	7	397
*	3p	-	52	1201	1350	1259	1241	5051	38	32	38	54	14	5	32	17	10	6	43	20	1	3	2	2	4	1	4	4	378
*	3p	-	53	1134	1283	1272	1157	4846	31	55	34	34	9	4	41	16	4	4	28	10	2	1	3	2	4	4	5	1	365
*	3p	-	54	1049	1289	1183	1108	4629	24	33	41	52	14	8	44	8	8	6	46	21	2	4	4	1	1	7	5	1	348
*	3p	-	55	1039	1210	1076	1107	4432	36	26	39	37	7	13	25	15	16	4	29	16	2	3	4	1	2	6	2	4	334
*	3p	-	56	1067	1050	1081	1073	4271	27	35	28	41	15	8	28	10	9	9	28	14	2	0	4	2	3	3	6	1	323
*	3p	-	57	968	1131	1073	933	4105	36	42	38	35	3	7	32	6	13	2	50	10	1	2	4	2	1	3	2	0	309
*	3p	-	58	896	1035	1003	979	3913	28	32	28	21	8	8	25	10	7	6	35	11	2	1	3	0	1	1	2	3	298
*	3p	-	59	963	940	944	904	3751	31	33	36	27	10	6	18	9	9	3	24	12	1	1	1	1	1	3	0	1	285
*	3p	-	60	835	961	950	815	3561	37	42	32	48	11	3	34	12	11	5	29	10	0	2	0	2	0	2	1	5	272
*	3p	-	61	839	916	819	827	3401	20	35	27	29	14	3	16	11	8	2	17	12	1	2	2	2	1	2	3	2	261
*	3p	-	62	786	867	834	791	3278	24	24	30	25	11	4	22	5	8	9	21	16	3	3	0	2	2	3	0	2	253
*	3p	-	63	718	858	850	705	3131	20	32	27	22	6	9	31	16	10	3	35	8	3	2	1	2	5	3	0	3	245
*	3p	-	64	677	832	775	718	3002	17	18	29	31	7	6	19	9	13	4	15	13	4	2	0	0	3	2	3	4	236
*	3p	-	65	682	732	753	694	2861	22	21	16	18	7	5	24	4	5	0	21	8	3	3	1	3	2	4	4	1	227
*	3p	-	66	664	715	711	639	2729	21	28	36	30	5	5	27	4	14	5	27	8	5	1	0	3	1	5	2	2	216
*	3p	-	67	615	687	687	627	2616	22	24	21	25	8	2	18	7	8	3	20	8	4	3	1	2	0	4	1	3	205
*	3p	-	68	616	653	617	624	2510	27	16	29	21	5	1	18	8	8	2	16	5	7	3	0	1	1	1	2	2	195
*	3p	-	69	571	615	669	561	2416	33	26	22	15	10	5	20	8	7	3	29	6	4	3	0	1	2	1	0	2	184
*	3p	-	70	574	605	573	553	2305	15	12	21	17	5	3	16	2	5	3	19	7	2	2	1	2	2	1	0	1	178
*	5p	+	1	2168	3238	3235	1701	10342	31	65	65	78	16	6	51	22	21	6	48	20	0	0	0	0	0	0	0	0	2989
*	5p	+	2	2511	2473	2662	2697	10343	42	83	52	36	13	6	42	18	13	8	35	23	0	0	0	0	0	0	0	0	2989
*	5p	+	3	2059	2887	2368	3029	10343	46	66	33	45	14	19	38	15	12	7	50	21	0	0	0	0	0	0	0	0	2894
*	5p	+	4	2361	2839	2327	2811	10338	28	59	28	48	14	2	33	10	8	5	36	14	0	1	3	0	1	3	1	0	2796
*	5p	+	5	2442	2640	2524	2732	10338	29	41	38	42	8	10	20	12	8	8	34	17	0	1	2	2	1	1	0	3	2649
*	5p	+	6	2207	2874	2746	2516	10343	50	81	65	72	26	9	82	17	16	11	74	26	1	4	0	1	0	0	0	0	2471
*	5p	+	7	2401	2688	2813	2440	10342	51	68	64	47	24	6	59	5	16	9	62	16	0	0	0	0	0	0	0	1	2399
*	5p	+	8	2217	2804	2634	2686	10341	54	52	56	66	10	14	32	15	18	11	55	28	1	0	1	0	2	0	0	0	2300
*	5p	+	9	2153	2985	2742	2462	10342	48	67	64	57	16	7	62	21	21	8	73	18	0	0	1	1	0	1	0	0	2188
*	5p	+	10	2342	2739	2830	2431	10342	47	56	49	46	14	9	62	13	13	8	54	30	2	1	1	1	0	0	0	1	2082
*	5p	+	11	2361	2762	2644	2576	10343	49	70	58	72	27	9	66	22	19	10	41	16	1	1	2	0	0	0	0	0	1982
*	5p	+	12	2244	2926	2830	2338	10338	62	84	80	62	14	9	69	22	24	5	61	20	2	2	1	0	2	0	0	3	1902
*	5p	+	13	2404	2796	2755	2386	10341	50	55	54	54	18	6	53	16	13	8	51	24	2	3	1	1	0	0	1	1	1815
*	5p	+	14	2354	2727	2716	2542	10339	59	36	56	50	16	15	31	28	21	8	53	16	0	2	3	2	2	1	1	0	1740
*	5p	+	15	2215	2862	2967	2290	10334	52	60	67	64	34	17	79	17	22	16	83	30	1	3	0	1	2	0	3	4	1674
*	5p	+	16	2341	2704	2842	2447	10334	41	51	60	64	18	13	51	5	15	4	65	27	2	7	0	0	5	2	2	0	1613
*	5p	+	17	2368	2769	2738	2462	10337	55	55	72	61	23	7	44	14	26	4	50	24	1	3	0	0	1	0	5	0	1553
*	5p	+	18	2229	2900	2860	2349	10338	64	57	54	61	18	13	84	20	18	4	59	12	3	1	2	1	1	0	3	1	1486
*	5p	+	19	2426	2665	2935	2308	10334	81	64	50	50	15	13	45	9	18	6	52	18	1	2	5	3	4	2	1	2	1433
*	5p	+	20	2436	2627	2695	2576	10334	51	60	60	69	29	12	58	20	15	3	49	23	5	5	1	0	3	1	4	1	1380
*	5p	+	21	2206	2890	2903	2333	10332	59	72	68	94	36	12	108	40	28	7	91	19	0	4	2	2	2	4	4	1	1328
*	5p	+	22	2444	2752	2863	2275	10334	49	61	87	63	24	12	57	20	22	13	53	27	3	3	2	2	2	2	4	1	1292
*	5p	+	23	2435	2695	2729	2473	10332	64	51	53	62	21	15	65	22	27	13	58	19	3	2	3	0	1	2	6	2	1237
*	5p	+	24	2221	2900	2826	2382	10329	74	72	78	85	24	11	84	23	25	8	72	26	0	4	2	3	4	3	6	1	1196
*	5p	+	25	2384	2742	2889	2312	10327	61	62	51	66	32	11	64	26	17	3	57	28	1	3	0	1	7	5	2	2	1153
*	5p	+	26	2409	2798	2694	2422	10323	56	51	67	57	20	12	55	26	16	19	53	25	0	0	1	5	5	14	1	0	1107
*	5p	+	27	2354	2833	2840	2294	10321	70	79	65	96	22	9	78	20	14	8	91	26	2	5	0	3	5	5	10	2	1061
*	5p	+	28	2367	2708	2802	2445	10322	51	64	67	71	17	18	70	24	22	8	72	18	2	4	4	3	6	5	9	0	1020
*	5p	+	29	2414	2806	2684	2422	10326	59	69	46	65	22	15	59	26	15	18	40	14	4	2	0	0	3	10	0	3	982
*	5p	+	30	2217	2920	2891	2299	10327	65	78	56	71	34	11	80	14	30	12	94	24	1	7	0	1	2	11	3	0	946
*	5p	+	31	2335	2748	2844	2221	10148	77	61	75	75	22	13	82	30	20	12	71	16	2	3	3	1	4	11	4	2	915
*	5p	+	32	2467	2556	2491	2497	10011	65	63	66	82	28	14	48	20	19	10	52	16	4	8	1	3	0	4	7	2	869
*	5p	+	33	2171	2780	2700	2188	9839	68	72	71	78	27	12	87	24	16	9	83	23	1	5	1	5	5	1	3	2	835
*	5p	+	34	2203	2600	2703	2211	9717	59	51	65	67	18	10	52	19	17	8	68	18	2	4	0	1	1	3	2	3	815
*	5p	+	35	2261	2495	2481	2333	9570	72	59	67	74	25	16	51	24	24	16	65	23	2	3	1	1	4	8	2	2	782
*	5p	+	36	2075	2510	2613	2081	9279	75	71	66	86	15	7	66	25	23	28	91	24	1	1	0	1	6	5	3	4	760
*	5p	+	37	2104	2383	2415	2106	9008	68	58	70	62	27	6	54	18	13	10	61	19	1	5	3	1	4	5	3	1	731
*	5p	+	38	2122	2276	2304	2056	8758	73	55	64	62	15	18	55	19	26	8	52	14	3	10	1	2	2	5	4	3	705
*	5p	+	39	1942	2353	2326	1888	8509	68	45	66	76	24	20	88	25	29	11	92	18	1	3	1	4	4	2	1	7	676
*	5p	+	40	1962	2114	2277	1947	8300	63	50	57	63	12	4	51	25	27	7	65	13	3	2	0	4	3	5	0	3	650
*	5p	+	41	1908	2107	2028	1965	8008	65	56	72	67	22	8	46	12	29	10	48	25	4	4	1	1	2	4	2	4	623
*	5p	+	42	1773	2068	2162	1709	7712	70	55	69	72	19	12	71	32	32	11	77	19	6	0	2	3	2	4	3	2	583
*	5p	+	43	1710	1924	2087	1704	7425	84	52	56	46	35	10	50	17	21	8	55	19	5	4	1	2	5	1	4	3	555
*	5p	+	44	1661	1894	1847	1749	7151	48	52	63	56	11	11	59	25	19	9	45	20	1	6	2	3	6	3	2	3	536
*	5p	+	45	1537	1832	1913	1610	6892	73	71	52	54	22	9	54	19	16	14	64	22	2	7	4	4	4	3	3	7	514
*	5p	+	46	1576	1709	1814	1480	6579	58	37	58	38	20	15	50	14	16	4	62	25	4	3	4	6	4	1	5	11	493
*	5p	+	47	1518	1638	1622	1540	6318	49	46	45	38	22	9	39	21	12	5	39	27	6	2	1	5	9	5	7	6	471
*	5p	+	48	1424	1593	1684	1375	6076	51	54	55	60	16	6	57	15	10	8	58	23	5	5	0	5	4	3	8	4	452
*	5p	+	49	1420	1473	1611	1322	5826	36	41	44	45	16	8	35	11	16	3	52	15	9	3	1	5	5	2	7	5	433
*	5p	+	50	1369	1448	1435	1335	5587	44	41	42	46	20	7	32	17	16	3	43	12	1	4	3	4	2	9	2	4	418
*	5p	+	51	1215	1396	1494	1264	5369	45	40	45	46	9	4	47	21	17	8	51	18	1	6	1	3	4	4	1	3	405
*	5p	+	52	1237	1289	1429	1182	5137	30	35	34	51	7	6	37	15	15	8	38	11	4	5	2	0	4	5	1	2	387
*	5p	+	53	1127	1325	1290	1182	4924	42	41	35	47	10	1	42	10	9	4	36	12	2	6	3	1	3	2	3	3	375
*	5p	+	54	1077	1282	1264	1096	4719	41	48	46	44	9	3	41	14	18	7	59	18	5	2	1	0	3	2	1	6	359
*	5p	+	55	1106	1132	1205	1073	4516	32	33	51	27	14	8	40	11	14	5	34	17	3	3	0	2	3	2	3	2	349
*	5p	+	56	1074	1082	1094	1107	4357	33	36	34	33	15	6	27	15	13	14	34	6	5	2	2	0	3	3	2	3	328
*	5p	+	57	924	1141	1124	992	4181	59	38	35	45	15	6	41	15	10	8	45	9	5	2	1	4	2	2	2	2	320
*	5p	+	58	939	1039	1070	970	4018	42	30	35	27	10	4	31	9	7	5	39	10	4	3	3	0	1	2	1	1	312
*	5p	+	59	900	1005	1018	923	3846	36	31	27	24	13	7	25	8	15	5	37	12	4	5	1	1	1	0	1	1	298
*	5p	+	60	847	947	1012	885	3691	37	28	31	38	14	4	33	10	11	5	42	9	3	7	0	2	1	1	0	2	290
*	5p	+	61	837	904	976	808	3525	31	26	44	14	8	2	24	7	5	2	29	11	1	6	4	2	3	1	1	0	275
*	5p	+	62	858	840	897	806	3401	25	27	26	28	10	3	26	8	6	2	27	13	2	5	1	4	2	1	3	1	262
*	5p	+	63	764	880	845	770	3259	35	30	30	38	13	5	42	5	13	3	33	11	1	6	2	1	2	3	4	1	244
*	5p	+	64	747	826	868	695	3136	22	29	31	20	11	4	24	3	9	8	26	9	0	2	3	2	3	3	4	3	236
*	5p	+	65	723	751	796	741	3011	31	24	34	42	7	3	20	8	7	5	26	6	1	1	2	1	5	3	2	2	227
*	5p	+	66	684	756	764	696	2900	23	26	23	33	12	7	29	10	9	6	27	6	2	3	2	0	1	4	2	2	215
*	5p	+	67	620	738	763	669	2790	34	20	23	21	11	4	20	10	8	5	27	6	0	1	4	1	3	1	1	2	206
*	5p	+	68	629	713	683	666	2691	12	19	20	20	10	4	25	13	13	2	13	12	2	2	0	3	4	0	2	1	201
*	5p	+	69	567	681	716	611	2575	24	22	17	28	7	4	30	11	8	3	29	6	4	3	0	2	2	0	2	2	190
*	5p	+	70	610	622	659	574	2465	22	21	16	10	10	3	22	5	10	4	15	5	2	4	1	1	3	0	1	1	182
*	5p	-	1	2211	3034	3269	1843	10357	40	54	89	86	36	6	36	22	23	12	50	16	0	0	0	0	0	0	0	0	2955
*	5p	-	2	2485	2462	2756	2654	10357	51	58	56	36	8	13	47	15	24	9	30	16	0	0	0	0	0	0	0	0	2955
*	5p	-	3	2193	2923	2488	2753	10357	52	75	34	62	20	9	29	16	16	5	40	21	0	0	0	0	0	0	0	0	2877
*	5p	-	4	2440	2800	2475	2636	10351	40	45	19	40	18	6	30	13	5	7	38	13	0	0	0	0	0	2	3	1	2764
*	5p	-	5	2509	2831	2396	2618	10354	28	48	32	46	10	7	13	10	21	6	22	10	1	1	0	0	0	1	0	2	2616
*	5p	-	6	2177	2878	2773	2529	10357	50	75	58	78	18	5	64	21	14	10	80	35	0	0	0	0	0	0	0	0	2419
*	5p	-	7	2397	2635	2825	2499	10356	50	65	66	65	21	5	53	17	11	3	51	28	0	0	2	0	0	0	1	0	2333
*	5p	-	8	2409	2775	2559	2611	10354	57	63	52	67	27	10	46	18	20	11	49	22	2	0	1	1	0	1	1	0	2235
*	5p	-	9	2240	2907	2802	2405	10354	70	61	75	74	19	8	82	15	24	4	63	20	0	0	1	0	0	0	1	2	2133
*	5p	-	10	2471	2720	2804	2361	10356	49	65	63	52	23	14	50	24	16	3	61	21	1	0	1	0	0	0	0	1	2047
*	5p	-	11	2462	2918	2535	2439	10354	56	65	75	59	19	15	52	21	21	13	46	22	1	2	0	0	1	0	1	1	1933
*	5p	-	12	2265	2982	2835	2274	10356	61	76	75	84	30	7	75	17	21	10	74	21	4	0	1	3	0	0	1	0	1854
*	5p	-	13	2431	2783	2855	2286	10355	55	45	56	57	18	5	48	28	21	7	57	13	2	4	1	2	0	0	0	2	1787
*	5p	-	14	2386	2772	2681	2516	10355	62	50	58	54	22	9	38	15	24	6	46	23	1	6	5	0	1	1	0	0	1709
*	5p	-	15	2215	3026	2830	2282	10353	61	90	75	74	19	10	81	18	11	5	71	37	7	1	2	3	1	1	0	2	1622
*	5p	-	16	2475	2688	2816	2372	10351	56	65	60	61	12	18	53	20	24	7	58	23	3	4	0	2	0	3	0	3	1564
*	5p	-	17	2448	2745	2557	2595	10345	50	42	49	55	18	11	43	17	23	9	35	21	6	6	2	0	4	3	2	3	1511
*	5p	-	18	2233	2999	2821	2296	10349	72	76	70	71	20	13	69	15	32	13	66	25	5	6	1	2	1	0	6	1	1454
*	5p	-	19	2452	2684	2838	2373	10347	42	66	57	62	27	7	45	15	20	10	47	19	6	5	2	2	3	2	1	4	1396
*	5p	-	20	2382	2756	2688	2525	10351	56	70	63	61	13	10	52	28	20	9	42	16	5	4	5	4	4	1	1	0	1334
*	5p	-	21	2196	2976	2888	2288	10348	57	76	79	81	20	6	94	34	24	9	76	35	4	2	7	3	5	0	4	0	1277
*	5p	-	22	2467	2743	2865	2274	10349	53	77	76	67	21	7	49	14	11	9	62	14	6	1	3	2	2	4	2	0	1227
*	5p	-	23	2498	2741	2699	2413	10351	75	63	51	54	22	8	52	19	20	8	56	26	1	7	2	1	3	0	2	1	1177
*	5p	-	24	2279	2922	2958	2191	10350	99	83	74	80	14	12	88	23	23	17	81	33	0	3	0	4	2	0	4	1	1130
*	5p	-	25	2362	2787	2847	2350	10346	59	68	74	76	28	14	59	32	15	11	58	19	1	3	0	2	4	3	2	2	1083
*	5p	-	26	2489	2786	2628	2442	10345	63	70	69	56	19	13	34	26	25	5	56	21	3	1	2	0	8	2	0	2	1031
*	5p	-	27	2301	2855	2889	2299	10344	66	66	57	80	22	10	89	22	25	7	70	26	4	0	3	1	2	5	2	4	984
*	5p	-	28	2433	2682	2906	2322	10343	73	61	62	69	18	13	49	17	13	10	70	22	5	1	2	2	2	3	5	4	938
*	5p	-	29	2541	2740	2547	2514	10342	55	66	64	77	21	17	57	28	22	9	44	17	6	6	0	1	1	3	6	5	903
*	5p	-	30	2239	2945	2866	2294	10344	61	79	65	77	18	19	78	8	20	8	79	29	5	2	0	1	6	2	2	3	867
*	5p	-	31	2427	2707	2722	2304	10160	86	70	71	73	20	14	58	20	34	8	65	37	2	2	5	4	3	1	7	3	839
*	5p	-	32	2350	2664	2565	2424	10003	59	68	65	62	31	18	39	28	23	8	41	22	3	4	1	1	3	2	7	9	798
*	5p	-	33	2223	2799	2736	2106	9864	67	58	71	81	21	14	80	42	28	10	77	26	2	3	1	2	6	5	2	3	765
*	5p	-	34	2347	2587	2576	2200	9710	55	51	67	71	18	8	67	26	27	9	49	23	4	1	2	4	6	5	3	2	742
*	5p	-	35	2271	2607	2432	2260	9570	54	63	50	64	16	12	55	16	22	12	43	27	6	3	1	6	4	2	5	9	714
*	5p	-	36	2076	2584	2583	1978	9221	78	63	73	56	19	6	85	23	25	17	90	30	10	1	3	1	5	4	2	7	687
*	5p	-	37	2157	2311	2455	2001	8924	59	56	73	53	25	7	50	25	19	15	63	28	7	6	2	3	6	4	5	6	665
*	5p	-	38	2066	2257	2207	2133	8663	82	72	59	56	13	11	45	24	25	11	44	26	6	2	1	5	5	2	5	4	631
*	5p	-	39	1910	2290	2366	1846	8412	70	58	70	79	20	9	79	22	11	10	82	31	13	4	3	1	3	5	6	5	612
*	5p	-	40	2027	2127	2163	1847	8164	60	56	71	68	12	7	38	25	18	11	58	25	9	4	5	4	3	2	4	3	589
*	5p	-	41	1904	2149	1924	1901	7878	45	65	56	50	31	5	55	22	15	17	50	29	8	3	8	1	0	3	4	2	561
*	5p	-	42	1707	2138	1997	1728	7570	48	53	64	76	24	10	62	20	16	13	92	16	5	2	4	4	2	4	2	0	539
*	5p	-	43	1769	1953	1926	1638	7286	55	48	54	41	28	13	45	11	27	6	52	11	3	7	4	4	1	3	2	4	513
*	5p	-	44	1736	1809	1751	1720	7016	54	44	51	59	18	6	42	16	18	18	49	21	6	3	4	2	2	5	3	1	495
*	5p	-	45	1525	1851	1801	1571	6748	53	57	59	50	16	12	71	15	17	12	62	19	4	7	2	1	2	2	1	2	480
*	5p	-	46	1575	1699	1686	1517	6477	45	46	67	51	11	8	35	20	15	11	43	22	3	1	3	3	0	5	4	3	457
*	5p	-	47	1469	1584	1593	1545	6191	39	45	45	30	17	8	37	21	31	9	39	24	7	5	2	2	2	3	2	4	444
*	5p	-	48	1456	1589	1546	1334	5925	64	48	60	47	22	12	59	17	14	6	61	10	9	7	2	2	0	6	2	1	432
*	5p	-	49	1374	1498	1506	1326	5704	46	56	45	46	20	9	40	12	20	6	47	14	6	6	2	2	2	4	4	1	413
*	5p	-	50	1348	1392	1395	1346	5481	42	31	44	34	9	13	41	19	12	8	34	15	8	4	1	3	2	5	0	2	392
*	5p	-	51	1180	1403	1468	1226	5277	45	44	49	51	14	7	31	11	17	11	53	26	7	6	1	2	1	2	5	0	380
*	5p	-	52	1211	1394	1316	1129	5050	35	38	51	29	14	10	29	16	17	8	44	7	8	6	4	3	4	4	1	5	367
*	5p	-	53	1213	1255	1238	1139	4845	31	34	41	34	13	6	26	18	10	9	43	16	5	3	2	2	3	2	6	3	359
*	5p	-	54	1052	1292	1251	1038	4633	28	40	39	36	13	5	37	8	10	7	44	15	1	3	5	3	3	4	1	2	349
*	5p	-	55	1084	1154	1154	1037	4429	45	29	32	38	11	8	41	11	12	10	23	11	3	1	0	2	3	4	7	3	333
*	5p	-	56	1031	1115	1095	1027	4268	27	28	45	35	10	2	26	11	15	2	24	18	4	3	1	0	3	4	4	5	314
*	5p	-	57	942	1147	1098	909	4096	39	29	40	33	7	6	38	9	10	8	31	9	2	2	1	2	1	4	8	2	298
*	5p	-	58	985	984	1039	899	3907	28	22	39	20	9	9	37	14	12	4	23	7	4	2	2	0	3	3	3	4	291
*	5p	-	59	894	963	992	894	3743	38	21	35	29	9	5	19	14	7	6	26	7	5	2	1	1	2	6	1	4	281
*	5p	-	60	829	974	969	788	3560	34	26	25	34	9	3	35	14	8	4	31	10	3	2	0	2	3	4	1	1	265
*	5p	-	61	839	913	901	749	3402	25	24	31	31	9	2	24	6	9	2	23	11	4	1	3	3	0	3	2	2	255
*	5p	-	62	795	850	859	775	3279	28	21	23	27	3	5	22	7	9	7	30	3	4	1	0	2	2	3	0	1	245
*	5p	-	63	739	849	818	727	3133	21	23	25	31	4	4	31	12	10	5	25	15	4	2	1	2	3	4	1	0	230
*	5p	-	64	694	782	809	722	3007	29	25	21	29	9	2	28	10	9	9	28	10	4	4	0	0	1	4	1	1	220
*	5p	-	65	723	719	721	701	2864	23	12	22	36	7	3	20	6	8	5	22	6	4	0	2	1	3	2	2	1	212
*	5p	-	66	636	762	706	629	2733	22	18	31	28	6	5	22	7	4	5	30	3	5	0	2	1	1	4	0	1	202
*	5p	-	67	649	654	695	621	2619	23	11	22	17	7	6	16	10	2	6	31	6	3	0	1	5	0	3	1	1	195
*	5p	-	68	629	644	664	576	2513	26	23	17	20	5	3	19	8	5	4	24	8	5	1	0	2	0	2	0	1	188
*	5p	-	69	613	651	615	538	2417	20	19	22	21	5	3	22	6	4	6	18	7	4	0	2	1	1	2	1	0	180
*	5p	-	70	553	646	596	509	2304	14	23	26	27	1	2	18	2	9	4	15	9	1	1	0	1	1	3	0	1	171
