2829498
13689
292913
2547601
912801
2715960
150026
376418
673372
644
2684468
199592
2587808
373687
537
1973486
820
2675711
2787706
67824
624
1930557
1390
1471
1973475
33996
1449783
347208
985762
1840301
1248330
29447
735
2846381
1028416
1584
53412
1517
187452
2698804
1231049
67780
2571156
106648
106654
108980
1288
1402
1421
1496
1505
158836
1646498
1707785
1848517
1879049
1985254
2004646
2004647
2026188
214473
217204
2708348
2751
28251
29378
29382
29430
297
299767
306
316
317
321662
34062
40214
40216
404583
46257
470
47917
48296
52133
550
558537
56454
56811
573
648
674
76258
87883
1280
1311
1314
1334
544580
699041
