# table produced by mapDamage version 2.0.8
# using mapped file D4_diet_damage/Galium/MTM009_Galium.bam and genomes/Galium/GCA_012274505.1_ASM1227450v1_genomic.fna as reference file
# Chr: reference from sam/bam header, End: from which termini of DNA sequences, Std: strand of reads
Chr	End	Std	Pos	A	C	G	T	Total	G>A	C>T	A>G	T>C	A>C	A>T	C>G	C>A	T>G	T>A	G>C	G>T	A>-	T>-	C>-	G>-	->A	->T	->C	->G	S
*	3p	+	1	290	243	186	310	1029	16	2	5	1	3	2	1	4	2	1	0	2	0	0	0	0	0	0	0	0	61
*	3p	+	2	401	168	177	285	1031	11	6	1	5	0	2	1	0	1	2	1	1	0	0	0	0	0	0	0	0	61
*	3p	+	3	369	167	207	288	1031	13	2	3	3	3	0	0	3	1	2	3	0	0	0	0	0	0	0	0	0	56
*	3p	+	4	350	156	221	304	1031	7	2	0	3	1	1	0	2	2	1	1	1	0	0	0	0	0	0	0	0	52
*	3p	+	5	385	163	192	291	1031	7	3	2	0	1	0	0	0	0	2	0	2	0	0	0	0	0	0	0	0	48
*	3p	+	6	407	158	196	270	1031	11	0	5	6	1	2	1	3	3	0	0	0	0	0	0	0	0	0	0	0	42
*	3p	+	7	359	179	200	293	1031	11	4	0	2	0	1	1	1	1	1	0	1	0	0	0	0	0	0	0	0	38
*	3p	+	8	401	159	189	282	1031	8	2	1	0	3	0	1	0	0	4	0	2	0	0	0	0	0	0	0	0	36
*	3p	+	9	358	169	220	284	1031	10	1	1	3	3	0	1	1	0	0	1	1	0	0	0	0	0	0	0	0	31
*	3p	+	10	364	176	226	265	1031	10	3	1	4	0	1	0	0	3	2	0	1	0	0	0	0	0	0	0	0	27
*	3p	+	11	356	179	224	271	1030	8	3	7	3	0	3	0	1	2	2	1	3	0	0	1	0	1	0	0	0	24
*	3p	+	12	339	185	226	281	1031	6	1	1	3	1	2	0	0	2	2	1	0	0	0	0	0	0	0	0	0	21
*	3p	+	13	308	211	224	288	1031	13	1	3	2	1	1	1	1	1	0	0	1	0	0	0	0	0	0	0	0	15
*	3p	+	14	317	206	230	278	1031	8	6	3	1	1	0	1	3	1	0	1	2	1	0	0	0	0	0	0	0	11
*	3p	+	15	313	209	211	297	1030	6	4	1	3	2	0	0	1	1	1	0	1	1	0	0	0	0	1	0	0	10
*	3p	+	16	318	198	227	287	1030	6	1	3	3	2	0	0	3	0	1	2	2	1	0	0	0	0	1	0	0	10
*	3p	+	17	301	183	222	325	1031	4	5	3	1	0	1	2	2	1	0	0	0	0	1	0	0	0	0	0	0	10
*	3p	+	18	316	205	232	278	1031	7	2	4	2	2	2	1	1	0	0	1	1	1	0	1	0	0	0	0	0	8
*	3p	+	19	325	206	218	281	1030	5	3	4	2	1	0	0	1	0	2	0	1	0	0	0	0	1	0	0	0	6
*	3p	+	20	322	205	195	308	1030	4	3	4	2	2	0	2	0	1	0	0	1	1	1	0	3	1	0	0	0	6
*	3p	+	21	342	182	213	293	1030	6	1	3	1	1	0	1	1	1	2	0	1	0	2	0	0	1	0	0	0	5
*	3p	+	22	332	176	227	293	1028	6	0	6	6	1	2	0	2	0	0	0	0	0	0	0	2	1	1	0	1	5
*	3p	+	23	315	215	219	277	1026	3	2	6	6	1	3	1	2	0	1	0	2	0	0	1	0	3	1	0	1	5
*	3p	+	24	317	208	217	285	1027	3	4	7	7	1	0	1	1	0	0	0	1	0	2	0	0	3	1	0	0	4
*	3p	+	25	326	190	231	280	1027	3	7	2	7	4	2	0	2	2	0	0	1	0	1	0	1	2	0	1	1	3
*	3p	+	26	310	211	214	293	1028	3	5	6	6	2	1	0	0	0	3	0	1	0	1	0	0	3	0	0	0	3
*	3p	+	27	295	190	221	323	1029	4	5	3	3	0	1	0	1	0	1	1	1	1	0	0	0	2	0	0	0	3
*	3p	+	28	330	197	197	304	1028	1	5	5	5	0	1	1	1	0	0	0	0	1	0	0	0	1	1	0	1	2
*	3p	+	29	327	190	210	302	1029	5	3	2	2	1	1	0	1	0	2	1	1	0	1	0	0	1	0	0	1	2
*	3p	+	30	324	221	205	279	1029	2	4	2	5	4	0	0	1	1	1	0	2	0	1	0	0	1	0	0	1	2
*	3p	+	31	297	227	193	309	1026	1	4	7	4	3	1	0	2	2	1	1	1	1	1	1	0	1	0	1	3	2
*	3p	+	32	321	230	195	282	1028	2	2	5	3	0	0	1	2	0	0	0	1	0	0	1	0	2	0	0	0	2
*	3p	+	33	300	201	199	329	1029	2	4	3	6	2	2	0	2	1	1	0	0	0	0	1	0	0	0	0	1	2
*	3p	+	34	325	217	179	303	1024	2	4	3	1	2	2	0	1	2	1	0	0	0	3	0	0	1	0	0	0	2
*	3p	+	35	299	210	211	304	1024	4	9	8	2	3	1	0	0	0	1	1	2	0	2	0	1	0	0	0	0	1
*	3p	+	36	332	218	184	287	1021	2	7	2	4	0	0	0	1	2	1	1	0	1	2	1	0	0	0	0	0	1
*	3p	+	37	314	219	207	273	1013	4	4	5	5	1	3	0	1	1	2	1	2	3	1	0	0	1	0	0	0	0
*	3p	+	38	313	197	212	278	1000	9	5	4	5	1	1	1	0	3	0	0	0	2	2	0	0	1	2	0	0	0
*	3p	+	39	298	229	171	284	982	5	12	2	5	3	0	2	1	1	0	0	1	1	4	0	0	0	1	0	0	0
*	3p	+	40	278	210	168	309	965	3	8	6	5	1	0	0	0	0	1	0	1	0	3	0	1	2	1	0	0	0
*	3p	+	41	274	183	188	297	942	3	7	5	9	2	1	1	6	0	0	0	0	1	4	0	0	1	1	0	1	0
*	3p	+	42	271	189	164	291	915	1	6	2	6	1	0	0	1	0	1	0	2	0	1	0	3	0	2	0	0	0
*	3p	+	43	264	175	159	281	879	1	5	3	2	3	1	0	2	0	0	1	2	1	1	1	0	1	0	0	0	0
*	3p	+	44	241	182	160	271	854	3	2	3	3	2	1	1	2	3	0	1	1	1	2	0	0	2	0	0	0	0
*	3p	+	45	260	169	148	250	827	3	5	7	2	4	1	0	0	0	0	1	1	1	2	1	0	0	1	0	1	0
*	3p	+	46	231	153	173	231	788	4	7	0	3	3	1	1	2	0	1	0	0	3	1	0	0	1	3	0	1	0
*	3p	+	47	216	151	131	255	753	4	8	1	2	2	0	0	1	1	4	0	0	1	2	0	1	2	2	0	0	0
*	3p	+	48	219	143	131	229	722	2	6	0	4	0	1	0	1	0	0	0	1	2	1	0	0	1	1	0	0	0
*	3p	+	49	205	147	127	220	699	2	7	4	3	0	0	1	2	2	1	1	1	1	1	0	1	0	1	0	0	0
*	3p	+	50	226	135	108	201	670	0	10	1	1	4	1	0	0	0	0	1	0	2	0	1	0	0	1	1	0	0
*	3p	+	51	199	122	116	205	642	2	5	5	4	1	1	1	0	2	0	0	0	0	0	0	2	0	1	0	1	0
*	3p	+	52	189	128	117	178	612	0	4	1	1	1	1	1	0	2	0	1	1	1	0	0	1	0	0	0	1	0
*	3p	+	53	188	103	101	188	580	4	5	2	0	2	0	0	1	2	0	0	0	0	1	2	0	1	1	0	0	0
*	3p	+	54	172	106	107	167	552	0	5	2	2	1	1	1	0	0	1	0	1	0	1	1	0	0	0	0	2	0
*	3p	+	55	162	103	97	160	522	1	6	1	1	2	0	1	3	1	0	1	1	1	1	0	0	0	1	1	0	0
*	3p	+	56	169	100	87	148	504	1	3	3	4	0	2	0	1	1	0	0	0	1	2	0	0	1	0	0	0	0
*	3p	+	57	141	90	86	165	482	1	5	2	1	1	1	0	0	1	0	0	2	2	3	0	2	1	0	0	0	0
*	3p	+	58	137	95	87	141	460	1	3	1	1	0	1	0	1	0	1	0	1	2	0	0	0	0	1	0	0	0
*	3p	+	59	133	85	71	153	442	0	5	2	4	0	0	1	0	1	1	0	0	1	0	0	0	0	1	0	0	0
*	3p	+	60	137	88	72	127	424	1	3	1	0	0	2	0	1	0	0	0	0	1	0	1	0	0	1	0	0	0
*	3p	+	61	113	89	72	126	400	1	2	1	2	1	0	0	0	1	0	0	0	0	1	0	0	0	0	0	0	0
*	3p	+	62	115	63	83	121	382	2	3	1	2	0	1	0	0	1	0	0	0	1	0	0	0	0	0	0	0	0
*	3p	+	63	116	69	68	107	360	1	3	2	0	0	0	0	0	0	0	0	0	1	2	0	0	0	0	0	0	0
*	3p	+	64	115	55	64	110	344	1	2	1	1	1	0	0	0	0	0	0	0	0	0	0	0	0	0	0	0	0
*	3p	+	65	104	62	72	95	333	2	3	0	1	0	0	0	0	1	1	0	0	0	0	0	0	0	1	0	0	0
*	3p	+	66	108	54	49	109	320	1	1	2	2	0	1	1	0	0	0	0	0	0	0	0	0	0	1	0	0	0
*	3p	+	67	97	52	69	92	310	0	0	0	0	1	0	1	0	0	1	0	1	0	0	0	0	0	0	0	0	0
*	3p	+	68	83	54	65	100	302	1	6	3	0	0	1	0	0	1	1	0	0	0	0	0	0	0	0	0	0	0
*	3p	+	69	88	45	53	97	283	0	3	0	0	0	0	0	1	0	0	0	0	1	1	0	0	0	0	0	0	0
*	3p	+	70	83	58	45	84	270	1	3	0	1	0	0	1	1	1	0	0	0	0	0	1	0	0	0	0	0	0
*	3p	-	1	240	258	161	271	930	11	1	1	3	4	1	0	2	2	2	2	1	0	0	0	0	0	0	0	0	47
*	3p	-	2	283	168	191	288	930	7	0	4	3	0	1	0	2	1	0	0	0	0	0	0	0	0	0	0	0	47
*	3p	-	3	279	173	195	283	930	9	5	2	1	0	0	0	0	4	2	0	0	0	0	0	0	0	0	0	0	42
*	3p	-	4	301	144	172	313	930	10	2	1	0	0	0	0	1	3	0	0	1	0	0	0	0	0	0	0	0	39
*	3p	-	5	293	151	185	300	929	6	0	1	3	2	2	0	2	0	0	1	2	0	0	0	0	0	1	0	0	35
*	3p	-	6	305	179	180	265	929	4	1	2	6	1	1	0	2	2	1	0	0	0	0	0	0	0	1	0	0	28
*	3p	-	7	262	160	199	307	928	7	1	2	4	1	1	1	1	2	1	1	1	0	0	0	0	0	2	0	0	26
*	3p	-	8	288	157	186	299	930	8	2	2	1	1	0	0	0	0	2	1	0	1	0	0	0	0	0	0	0	24
*	3p	-	9	287	168	186	288	929	0	0	1	1	1	0	0	0	5	1	0	1	0	1	0	0	0	1	0	0	22
*	3p	-	10	296	170	205	258	929	6	4	2	4	1	0	1	0	0	0	0	0	1	1	1	0	1	0	0	0	19
*	3p	-	11	294	179	183	268	924	3	3	6	4	1	0	0	0	0	1	0	0	0	2	0	0	2	4	0	0	17
*	3p	-	12	305	185	158	276	924	5	3	8	4	2	1	0	0	0	0	1	1	2	1	1	0	2	4	0	0	15
*	3p	-	13	282	155	206	282	925	1	3	3	4	0	1	1	0	2	1	0	1	2	1	0	0	2	2	0	1	13
*	3p	-	14	262	196	189	278	925	8	0	4	1	4	0	0	1	2	1	0	0	0	3	0	1	2	1	2	0	12
*	3p	-	15	262	172	200	291	925	5	2	3	6	2	1	0	2	1	0	1	0	1	2	1	0	2	3	0	0	12
*	3p	-	16	283	171	191	283	928	7	3	4	4	1	0	0	0	1	0	3	0	1	1	0	0	0	0	1	1	12
*	3p	-	17	248	179	213	288	928	2	2	1	3	3	0	0	2	1	0	0	1	3	1	0	0	0	1	1	0	9
*	3p	-	18	255	182	197	294	928	1	2	5	3	2	2	0	0	1	0	1	0	0	2	0	0	1	0	0	1	9
*	3p	-	19	276	190	181	281	928	4	3	2	3	0	0	0	1	0	0	0	0	1	1	0	0	2	0	0	0	9
*	3p	-	20	260	192	176	301	929	3	4	5	3	0	0	0	1	1	2	0	0	0	1	0	0	1	0	0	0	9
*	3p	-	21	286	182	165	296	929	5	3	4	4	1	2	0	1	4	0	0	0	0	0	0	1	1	0	0	0	8
*	3p	-	22	288	214	171	256	929	2	5	4	3	0	2	1	1	2	1	0	0	2	0	0	0	0	1	0	0	7
*	3p	-	23	284	186	187	271	928	6	7	6	3	1	2	0	2	3	2	1	0	3	0	0	0	0	0	2	0	6
*	3p	-	24	278	193	186	272	929	2	3	7	5	0	1	0	2	1	1	0	1	1	0	1	1	0	1	0	0	6
*	3p	-	25	282	177	195	276	930	3	5	7	6	1	0	0	1	1	1	1	1	1	0	0	1	0	0	0	0	5
*	3p	-	26	284	177	186	282	929	3	4	6	4	2	1	1	0	0	1	0	0	1	0	0	0	0	0	1	0	4
*	3p	-	27	251	206	212	261	930	4	3	3	6	2	2	0	1	0	3	1	0	0	1	0	0	0	0	0	0	4
*	3p	-	28	244	202	205	276	927	5	4	4	2	1	0	0	3	0	2	1	0	0	1	0	0	0	2	0	1	4
*	3p	-	29	286	182	161	298	927	5	6	2	4	0	2	0	0	0	0	0	0	1	0	0	1	1	2	0	0	4
*	3p	-	30	244	207	187	289	927	5	4	5	5	0	1	1	0	1	1	0	0	0	2	1	1	1	2	0	0	4
*	3p	-	31	260	176	179	311	926	2	5	4	5	1	1	0	0	2	2	1	0	2	0	0	0	1	1	0	0	3
*	3p	-	32	269	188	181	289	927	4	7	3	3	0	1	0	1	1	1	1	2	0	3	0	0	1	0	0	0	2
*	3p	-	33	263	193	171	300	927	0	9	3	3	3	1	1	0	1	3	0	1	0	0	1	1	0	1	0	0	2
*	3p	-	34	240	199	193	290	922	1	6	6	3	1	3	0	0	1	1	1	3	1	0	0	0	0	1	1	0	2
*	3p	-	35	276	191	175	281	923	4	6	2	4	0	2	1	0	1	2	1	1	1	1	0	0	0	0	0	0	2
*	3p	-	36	261	204	182	272	919	3	11	4	6	0	2	0	1	0	3	0	0	0	0	0	1	0	1	0	0	2
*	3p	-	37	260	200	178	274	912	1	3	3	1	4	1	0	0	3	2	0	0	0	2	0	1	1	0	1	1	2
*	3p	-	38	243	194	161	305	903	6	6	1	5	0	0	0	0	2	1	0	0	0	0	0	2	0	1	0	0	2
*	3p	-	39	259	164	170	295	888	4	7	4	3	2	1	0	0	3	0	0	3	3	0	0	0	0	1	1	0	2
*	3p	-	40	243	185	164	279	871	3	4	1	3	2	0	0	0	2	0	0	1	1	1	0	0	0	1	1	0	2
*	3p	-	41	246	175	160	268	849	2	3	2	4	1	0	0	0	0	0	0	3	1	1	1	0	0	1	0	0	2
*	3p	-	42	222	171	144	289	826	1	9	5	8	0	1	0	2	2	0	0	1	1	2	0	1	0	3	0	0	2
*	3p	-	43	224	164	159	249	796	2	4	2	0	1	1	0	1	2	0	1	0	3	1	0	1	0	2	1	0	1
*	3p	-	44	204	156	149	269	778	4	6	1	4	2	1	0	2	0	0	0	0	2	0	0	1	0	2	0	0	0
*	3p	-	45	226	148	120	262	756	4	10	5	2	1	2	0	0	2	0	0	0	1	1	2	0	1	0	1	0	0
*	3p	-	46	191	145	138	256	730	0	2	2	0	4	0	0	1	1	2	0	2	0	3	0	0	1	0	1	0	0
*	3p	-	47	222	117	124	232	695	1	2	4	3	0	2	0	1	3	2	2	2	1	2	0	0	0	2	1	0	0
*	3p	-	48	201	129	118	213	661	2	5	2	2	2	1	0	0	0	1	0	0	0	0	1	0	1	3	0	0	0
*	3p	-	49	183	126	126	205	640	2	6	3	1	1	2	0	2	0	2	0	0	0	1	0	0	2	1	1	0	0
*	3p	-	50	171	128	113	215	627	1	2	2	3	2	0	1	3	1	0	1	2	0	1	0	0	0	0	1	0	0
*	3p	-	51	183	118	101	200	602	3	4	2	0	0	0	0	2	0	1	0	0	0	1	0	0	3	1	0	0	0
*	3p	-	52	187	94	105	200	586	2	6	0	1	1	0	0	0	0	0	0	0	0	1	2	0	2	2	0	0	0
*	3p	-	53	164	105	105	192	566	1	7	2	2	0	0	1	0	0	2	0	0	2	0	1	0	3	1	0	1	0
*	3p	-	54	164	98	94	181	537	2	8	2	0	0	2	0	0	0	1	0	0	0	1	0	1	1	4	0	0	0
*	3p	-	55	140	108	101	166	515	1	11	0	2	0	0	0	1	3	1	0	0	0	1	0	1	3	1	1	1	0
*	3p	-	56	136	83	79	190	488	0	7	4	2	0	0	0	0	1	0	0	1	1	0	0	1	3	2	1	0	0
*	3p	-	57	143	79	77	166	465	0	3	0	2	0	0	1	1	1	1	0	1	2	0	0	0	0	3	0	0	0
*	3p	-	58	138	80	80	143	441	0	2	2	0	0	0	0	0	0	0	1	1	0	1	0	1	0	0	0	1	0
*	3p	-	59	120	78	63	160	421	1	5	3	1	0	2	0	1	1	1	0	0	0	1	1	0	0	0	1	0	0
*	3p	-	60	100	88	67	152	407	3	2	0	2	0	1	0	1	0	0	0	1	2	0	0	1	0	1	0	0	0
*	3p	-	61	96	79	68	141	384	1	5	0	2	1	0	0	0	0	1	0	1	1	0	0	0	0	1	0	0	0
*	3p	-	62	98	64	53	139	354	1	5	4	0	0	0	1	0	0	0	0	1	0	0	0	2	1	0	0	0	0
*	3p	-	63	98	52	69	120	339	0	4	1	1	0	2	0	0	0	0	1	0	2	0	0	0	0	0	0	0	0
*	3p	-	64	101	55	59	102	317	2	3	0	0	0	1	0	1	0	0	1	1	2	1	0	0	0	0	0	0	0
*	3p	-	65	79	62	41	111	293	1	2	2	4	1	0	1	0	1	0	0	1	1	1	0	0	0	1	0	0	0
*	3p	-	66	87	48	40	98	273	0	1	0	1	1	1	0	0	0	0	0	0	0	2	0	0	0	2	0	0	0
*	3p	-	67	83	56	36	81	256	0	4	1	0	1	0	0	0	0	0	0	0	2	0	0	0	1	0	1	0	0
*	3p	-	68	80	34	44	84	242	1	0	1	0	0	0	0	0	1	0	0	0	0	1	0	0	0	1	0	0	0
*	3p	-	69	66	40	32	88	226	0	3	0	0	0	0	0	1	1	0	0	0	0	1	0	0	0	1	0	0	0
*	3p	-	70	63	41	36	75	215	1	2	0	1	0	2	0	0	0	1	0	0	0	1	0	0	0	1	0	0	0
*	5p	+	1	308	175	234	314	1031	0	16	2	4	3	3	1	0	1	6	0	1	0	0	0	0	0	0	0	0	66
*	5p	+	2	306	169	171	385	1031	3	15	2	2	4	1	1	1	1	2	0	1	0	0	0	0	0	0	0	0	66
*	5p	+	3	294	188	205	344	1031	4	11	1	5	1	1	0	1	2	0	0	3	0	0	0	0	0	0	0	0	64
*	5p	+	4	348	190	171	321	1030	0	12	0	1	1	0	1	0	1	1	0	0	0	0	0	0	0	1	0	0	59
*	5p	+	5	319	193	175	343	1030	3	11	3	5	2	0	0	1	2	0	1	1	0	0	0	0	0	1	0	0	54
*	5p	+	6	319	199	185	327	1030	4	15	5	5	2	1	1	2	2	2	0	1	0	1	0	0	0	1	0	0	48
*	5p	+	7	314	207	194	315	1030	3	4	6	3	1	0	0	3	1	0	0	2	0	0	0	0	1	0	0	0	46
*	5p	+	8	321	192	178	338	1029	3	2	2	1	1	2	1	2	0	1	1	1	0	1	2	0	1	0	0	1	42
*	5p	+	9	318	220	174	318	1030	1	8	4	2	1	0	1	1	2	0	0	1	0	0	0	0	0	1	0	0	38
*	5p	+	10	321	207	195	306	1029	3	3	4	1	1	0	0	3	3	1	0	1	0	0	0	0	2	0	0	0	37
*	5p	+	11	341	207	198	283	1029	2	10	6	6	3	0	1	0	1	0	0	0	0	0	0	0	2	0	0	0	31
*	5p	+	12	309	213	199	310	1031	3	10	4	5	2	0	0	0	2	0	0	2	0	1	0	1	0	0	0	0	27
*	5p	+	13	286	227	206	312	1031	2	7	3	4	4	1	0	0	1	2	0	0	0	0	0	0	0	0	0	0	20
*	5p	+	14	274	231	194	332	1031	0	11	1	5	2	0	0	2	2	0	1	2	0	0	0	0	0	0	0	0	17
*	5p	+	15	273	246	199	313	1031	5	4	4	3	3	3	0	1	0	0	1	1	1	1	0	0	0	0	0	0	15
*	5p	+	16	303	237	189	301	1030	2	0	9	3	7	1	1	0	1	1	0	1	1	0	0	1	0	1	0	0	14
*	5p	+	17	320	198	198	313	1029	1	6	2	4	2	2	1	2	2	2	1	0	2	0	0	0	0	1	1	0	12
*	5p	+	18	313	217	210	289	1029	2	2	7	3	0	2	0	1	1	0	0	1	0	2	0	0	1	1	0	0	11
*	5p	+	19	307	220	195	307	1029	1	5	4	5	1	0	1	0	2	2	0	0	3	0	0	1	1	1	0	0	11
*	5p	+	20	300	221	222	288	1031	3	5	7	1	0	0	0	3	2	0	0	1	3	1	0	1	0	0	0	0	9
*	5p	+	21	317	193	232	289	1031	2	5	3	4	1	1	0	2	1	2	1	0	3	3	0	2	0	0	0	0	9
*	5p	+	22	283	210	218	319	1030	5	7	2	3	1	0	1	1	3	1	1	1	2	6	1	0	1	0	0	0	9
*	5p	+	23	322	216	183	310	1031	2	8	6	5	1	1	1	1	1	0	1	0	2	6	0	2	0	0	0	0	9
*	5p	+	24	302	215	211	301	1029	2	4	5	2	1	0	0	2	1	0	0	2	1	3	0	1	0	2	0	0	8
*	5p	+	25	309	225	217	278	1029	3	10	2	3	2	0	0	0	0	0	0	1	3	2	0	0	0	2	0	0	7
*	5p	+	26	311	206	210	300	1027	3	4	7	4	0	1	0	2	0	0	2	0	0	3	0	0	1	2	0	1	7
*	5p	+	27	314	198	230	284	1026	3	3	4	4	1	0	0	1	2	1	2	0	1	0	1	0	4	1	0	0	6
*	5p	+	28	296	230	209	291	1026	3	4	3	6	3	4	1	4	0	0	1	2	0	0	0	2	4	0	0	1	6
*	5p	+	29	310	204	198	316	1028	3	3	4	1	1	0	0	0	0	1	0	0	0	1	1	1	0	2	0	1	6
*	5p	+	30	305	218	217	288	1028	2	4	0	5	1	0	2	0	0	2	1	0	1	2	0	0	0	1	0	2	5
*	5p	+	31	327	201	204	296	1028	2	0	3	3	2	2	0	1	0	2	0	0	0	2	1	0	0	3	0	0	4
*	5p	+	32	330	214	207	278	1029	6	7	3	4	4	4	0	1	1	0	1	2	0	3	0	0	0	1	0	0	4
*	5p	+	33	350	195	197	287	1029	6	3	4	4	1	1	0	1	3	1	1	1	3	0	1	1	0	1	0	0	4
*	5p	+	34	311	192	223	297	1023	4	3	3	7	1	0	1	2	0	0	0	1	2	2	0	1	1	0	1	0	2
*	5p	+	35	326	194	208	295	1023	5	5	3	4	4	3	2	0	0	1	0	1	0	3	0	0	0	0	0	1	2
*	5p	+	36	304	206	220	290	1020	5	4	7	0	2	1	1	0	1	0	0	4	0	1	1	0	1	0	0	0	2
*	5p	+	37	336	195	212	270	1013	6	3	5	3	0	2	2	2	0	2	0	3	0	0	1	0	0	0	0	0	2
*	5p	+	38	323	189	210	281	1003	5	2	1	8	1	2	1	0	1	0	0	0	1	0	0	0	0	0	0	0	2
*	5p	+	39	305	192	191	295	983	3	3	1	1	1	1	1	2	0	1	1	2	0	0	0	0	0	0	0	0	2
*	5p	+	40	320	153	222	270	965	5	7	5	4	2	1	1	3	1	1	0	2	0	0	0	0	1	2	0	0	2
*	5p	+	41	316	171	179	277	943	3	3	1	3	0	1	0	1	1	2	1	0	0	0	0	1	0	2	0	0	2
*	5p	+	42	287	161	188	280	916	7	5	4	2	2	2	0	1	0	0	1	1	0	0	0	1	1	0	0	0	2
*	5p	+	43	285	172	187	235	879	3	5	4	0	0	2	0	2	3	1	1	1	0	1	1	0	0	0	0	0	1
*	5p	+	44	275	158	157	265	855	4	1	4	2	0	0	0	1	0	1	2	0	0	1	0	0	1	0	0	0	1
*	5p	+	45	276	170	150	232	828	7	3	1	1	1	0	0	0	1	1	0	1	0	2	0	0	0	0	0	1	1
*	5p	+	46	277	131	173	209	790	4	2	5	1	1	2	1	2	1	1	1	0	0	2	1	0	2	0	1	0	1
*	5p	+	47	276	116	162	201	755	7	0	5	4	2	1	0	1	0	0	2	0	1	2	0	0	0	0	0	2	1
*	5p	+	48	271	103	148	199	721	5	1	2	5	3	0	0	1	1	0	0	2	2	1	0	0	2	0	0	1	1
*	5p	+	49	220	106	152	219	697	6	2	2	2	0	0	1	0	0	1	0	0	1	1	0	1	1	0	0	2	1
*	5p	+	50	236	114	122	197	669	4	2	4	3	1	0	0	3	3	0	0	0	2	1	0	0	2	0	0	1	1
*	5p	+	51	206	101	137	197	641	11	0	3	2	0	0	1	0	0	0	0	1	0	1	0	0	2	0	0	1	1
*	5p	+	52	215	103	113	179	610	4	1	2	0	1	1	0	1	3	0	0	2	1	1	0	0	2	0	0	1	1
*	5p	+	53	191	95	115	178	579	8	2	1	2	1	0	0	0	0	1	0	1	2	0	0	0	2	0	1	0	1
*	5p	+	54	189	90	106	166	551	6	3	2	2	0	0	1	1	0	0	0	1	1	1	0	0	2	1	0	0	1
*	5p	+	55	154	108	108	151	521	3	3	3	1	1	0	0	0	0	0	0	0	1	1	0	0	2	1	0	0	1
*	5p	+	56	166	100	104	134	504	4	4	0	5	0	0	0	0	0	0	3	0	1	1	0	0	1	0	0	0	1
*	5p	+	57	162	90	106	125	483	3	3	0	3	0	0	0	1	0	1	0	2	1	0	1	0	0	0	0	0	1
*	5p	+	58	164	76	88	133	461	4	3	2	1	0	0	0	0	0	0	0	0	0	0	2	0	0	0	0	0	1
*	5p	+	59	158	82	70	133	443	2	3	0	2	0	0	0	3	0	1	0	1	0	0	1	1	0	0	0	0	1
*	5p	+	60	134	85	78	128	425	4	3	0	2	1	1	1	0	0	1	0	4	0	0	0	1	0	0	0	0	1
*	5p	+	61	137	90	62	111	400	3	2	0	0	0	0	1	1	1	1	0	1	0	0	0	0	0	0	0	0	1
*	5p	+	62	139	73	67	103	382	1	2	3	1	0	2	0	0	0	0	0	0	0	0	0	0	0	0	0	0	1
*	5p	+	63	120	65	71	103	359	3	2	1	4	0	1	0	2	1	1	0	0	0	0	0	0	1	0	0	0	1
*	5p	+	64	118	63	66	96	343	2	2	0	0	1	0	0	1	0	3	0	0	0	0	0	0	0	1	0	0	0
*	5p	+	65	127	59	58	90	334	5	3	1	1	0	0	0	0	0	1	0	0	0	0	0	0	0	0	0	0	0
*	5p	+	66	131	53	40	97	321	5	0	1	0	0	0	0	0	0	1	0	0	0	0	0	0	0	0	0	0	0
*	5p	+	67	105	54	67	84	310	5	3	0	2	0	1	0	0	0	0	0	0	0	0	0	0	0	0	0	0	0
*	5p	+	68	115	56	56	75	302	6	0	1	0	2	0	1	0	0	1	0	0	0	0	0	0	0	0	0	0	0
*	5p	+	69	93	34	64	92	283	3	0	0	1	0	1	1	0	1	1	0	0	0	0	0	0	0	0	0	0	0
*	5p	+	70	92	41	52	85	270	2	1	1	1	0	1	1	1	1	1	0	0	0	0	0	0	0	0	0	0	0
*	5p	-	1	282	171	204	273	930	1	13	3	2	1	0	0	2	3	2	0	0	0	0	0	0	0	0	0	0	58
*	5p	-	2	288	146	156	340	930	3	10	3	0	1	1	1	1	1	2	0	0	0	0	0	0	0	0	0	0	58
*	5p	-	3	270	180	164	316	930	0	9	2	3	2	1	1	0	1	0	1	1	0	0	0	0	0	0	0	0	56
*	5p	-	4	283	185	156	306	930	3	10	1	3	3	1	1	1	1	0	0	2	0	0	0	0	0	0	0	0	51
*	5p	-	5	310	188	127	305	930	3	9	3	1	2	1	0	2	0	1	1	0	0	0	0	0	0	0	0	0	48
*	5p	-	6	254	183	163	329	929	4	7	4	1	2	2	0	0	0	2	0	1	0	0	0	0	0	0	0	1	41
*	5p	-	7	271	165	161	333	930	4	10	1	4	0	1	0	3	3	3	0	1	0	0	0	0	0	0	0	0	37
*	5p	-	8	251	191	162	325	929	4	8	2	3	3	0	1	1	0	4	0	1	0	0	0	0	1	0	0	0	33
*	5p	-	9	254	186	145	344	929	2	8	2	6	0	0	0	2	1	0	1	3	0	0	0	0	0	0	0	1	32
*	5p	-	10	230	192	180	327	929	3	8	2	2	1	2	0	1	1	1	0	1	0	0	0	0	1	0	0	0	28
*	5p	-	11	249	199	150	331	929	1	13	6	1	2	1	0	1	0	2	1	0	0	0	0	0	0	1	0	0	25
*	5p	-	12	255	202	174	296	927	1	6	2	5	3	1	1	0	0	0	0	1	1	0	1	0	1	1	1	0	22
*	5p	-	13	230	181	188	327	926	1	4	1	3	3	1	0	1	2	1	0	1	0	0	0	0	1	3	0	0	19
*	5p	-	14	256	190	180	303	929	2	10	2	3	2	0	0	1	1	1	1	1	0	0	0	1	0	1	0	0	18
*	5p	-	15	264	194	188	283	929	0	9	1	3	1	2	1	0	1	1	1	1	0	0	0	0	0	1	0	0	15
*	5p	-	16	245	180	185	318	928	1	6	0	5	0	3	0	0	2	1	0	1	0	0	0	0	2	0	0	0	11
*	5p	-	17	263	179	169	315	926	2	7	3	3	0	1	0	1	2	1	1	0	0	0	0	0	1	2	1	0	11
*	5p	-	18	243	206	181	295	925	1	5	4	1	2	0	1	1	1	1	1	1	0	0	0	0	3	2	0	0	11
*	5p	-	19	265	188	167	307	927	2	2	6	5	0	2	0	2	1	0	0	0	1	1	0	1	0	3	0	0	10
*	5p	-	20	237	216	173	299	925	6	10	1	3	2	0	0	0	1	1	0	0	0	0	0	0	1	3	1	0	10
*	5p	-	21	254	194	192	285	925	3	3	5	2	1	3	0	0	0	0	0	1	0	0	0	1	1	2	2	0	9
*	5p	-	22	275	194	149	306	924	3	6	3	2	1	2	0	2	3	1	0	1	2	0	0	0	2	4	0	0	6
*	5p	-	23	255	188	171	310	924	3	6	5	6	0	0	0	1	1	1	0	0	0	2	0	0	1	4	1	0	6
*	5p	-	24	266	187	190	281	924	4	4	7	4	1	2	0	0	0	1	1	1	1	0	3	0	2	3	1	0	5
*	5p	-	25	268	190	184	284	926	3	4	1	3	2	0	2	0	3	1	1	2	1	3	0	0	2	1	0	1	5
*	5p	-	26	287	187	184	268	926	3	5	5	2	0	0	0	1	2	0	0	0	2	1	0	0	2	2	0	0	5
*	5p	-	27	278	197	181	271	927	2	5	3	3	1	1	0	3	1	3	0	0	1	2	0	0	0	2	1	0	5
*	5p	-	28	247	210	184	286	927	1	7	4	5	1	0	0	1	0	3	0	2	1	1	0	0	0	1	2	0	5
*	5p	-	29	261	189	196	281	927	1	4	4	6	2	1	0	2	2	0	2	0	0	0	0	0	1	2	0	0	5
*	5p	-	30	282	164	212	269	927	6	4	4	6	0	1	0	2	4	2	0	0	0	0	0	0	0	0	1	2	5
*	5p	-	31	259	174	180	313	926	3	4	8	6	2	1	0	0	4	0	0	1	0	0	0	1	0	1	1	0	4
*	5p	-	32	281	167	191	288	927	1	1	4	3	0	1	1	0	1	2	2	0	1	0	0	1	0	1	0	0	4
*	5p	-	33	284	195	159	289	927	1	4	6	3	3	2	0	0	1	0	2	1	0	1	0	0	0	1	0	0	4
*	5p	-	34	276	183	174	288	921	3	1	3	2	1	1	0	3	1	2	0	1	0	1	0	0	1	2	0	0	3
*	5p	-	35	283	154	183	300	920	5	3	4	3	0	2	0	0	0	2	0	0	1	0	0	0	3	0	0	0	3
*	5p	-	36	281	184	194	257	916	5	5	5	3	1	2	0	2	0	0	0	1	1	0	0	0	1	3	0	0	3
*	5p	-	37	266	176	183	287	912	5	4	5	4	2	0	0	1	2	2	0	1	3	0	0	0	0	3	0	0	3
*	5p	-	38	243	189	184	285	901	2	5	4	3	0	0	1	2	4	0	1	0	1	0	1	0	1	2	0	0	3
*	5p	-	39	269	175	180	263	887	4	6	2	5	0	0	0	1	1	0	0	0	1	0	0	1	2	0	1	0	3
*	5p	-	40	244	180	182	264	870	7	2	1	1	0	0	0	0	3	0	0	0	2	1	0	0	1	0	2	0	3
*	5p	-	41	256	156	170	264	846	8	2	3	4	1	0	0	0	3	0	1	0	0	1	0	2	1	3	0	0	3
*	5p	-	42	234	183	161	246	824	6	2	6	3	0	1	0	1	5	0	0	1	2	1	1	0	1	2	2	0	3
*	5p	-	43	246	147	163	240	796	3	2	1	3	0	1	0	0	0	0	1	0	3	0	0	1	0	3	0	0	3
*	5p	-	44	230	129	170	250	779	5	3	5	2	0	0	0	2	1	1	0	2	2	3	0	1	1	0	0	0	3
*	5p	-	45	223	146	167	221	757	2	8	2	3	0	2	1	0	1	1	0	1	1	2	1	2	1	0	0	0	3
*	5p	-	46	226	132	155	217	730	5	4	1	5	2	1	0	0	0	0	0	0	2	3	0	0	1	1	0	0	3
*	5p	-	47	222	117	136	222	697	5	3	0	1	1	0	0	1	1	1	0	0	2	3	0	0	1	0	0	0	3
*	5p	-	48	225	128	123	188	664	2	5	4	1	1	1	0	1	1	0	0	1	2	0	0	2	0	0	1	0	3
*	5p	-	49	200	117	111	213	641	3	3	2	2	2	0	0	1	0	2	1	0	1	4	0	0	0	1	2	0	3
*	5p	-	50	172	126	122	204	624	1	3	1	3	0	0	0	0	1	2	0	0	2	3	0	0	0	3	1	0	3
*	5p	-	51	195	117	125	167	604	3	1	2	1	1	0	0	0	0	1	0	0	1	4	0	0	0	1	1	0	3
*	5p	-	52	177	118	117	177	589	3	3	3	2	1	2	0	1	0	1	0	0	2	1	0	1	0	1	0	0	3
*	5p	-	53	169	98	120	184	571	5	0	3	2	1	0	0	1	1	0	0	0	3	1	0	3	0	0	0	0	2
*	5p	-	54	153	101	88	200	542	1	2	0	2	0	0	0	1	1	1	1	1	1	4	1	0	0	0	0	0	2
*	5p	-	55	139	111	110	161	521	6	2	2	1	2	0	0	0	0	1	1	0	1	3	1	1	0	0	0	0	2
*	5p	-	56	157	79	96	160	492	3	1	3	2	1	2	0	1	1	0	0	1	1	2	0	0	0	2	0	0	2
*	5p	-	57	148	79	96	143	466	3	2	2	0	1	2	0	1	0	0	0	2	1	2	1	0	0	2	0	0	2
*	5p	-	58	137	89	73	143	442	3	2	2	0	0	0	2	0	1	0	0	0	1	2	0	2	0	0	0	0	2
*	5p	-	59	145	83	61	133	422	2	0	1	1	1	0	0	0	1	0	0	0	2	0	1	0	0	0	0	0	2
*	5p	-	60	130	79	69	130	408	2	2	1	2	1	0	0	0	0	0	0	1	1	0	1	0	0	0	0	0	2
*	5p	-	61	127	68	70	120	385	5	0	2	3	0	1	1	1	0	0	0	0	0	0	0	0	0	0	0	0	1
*	5p	-	62	124	65	54	112	355	0	3	1	2	0	0	0	0	0	1	1	0	0	0	0	0	0	0	0	0	1
*	5p	-	63	115	56	57	111	339	3	0	1	2	2	1	0	0	0	0	0	0	0	0	0	0	0	0	0	0	1
*	5p	-	64	100	63	58	96	317	1	1	1	1	1	0	0	0	1	0	2	0	0	0	0	0	0	0	0	0	1
*	5p	-	65	98	52	58	86	294	0	0	1	1	0	0	0	0	0	0	1	1	0	0	0	0	0	0	0	0	1
*	5p	-	66	90	37	64	84	275	3	1	0	2	1	0	0	0	2	2	0	0	0	0	0	0	0	0	0	0	1
*	5p	-	67	100	39	45	74	258	2	0	1	1	2	0	0	0	1	0	0	1	1	0	0	0	0	0	0	0	1
*	5p	-	68	73	43	46	81	243	2	0	2	0	1	0	0	0	1	0	0	0	0	0	0	0	0	0	0	0	1
*	5p	-	69	65	42	41	79	227	1	0	2	1	0	1	0	0	0	0	0	1	0	0	0	0	0	0	0	0	1
*	5p	-	70	65	43	36	70	214	0	0	0	1	0	0	0	0	0	0	0	0	0	0	0	0	1	0	1	0	1
