Genomic bins	G0008_m_decontam	G0033_m_decontam	DJA002_m_decontam	ABM006_m_decontam	MTM012_m_decontam	MTM011_m_decontam	GDC005_m_decontam	EXB015.A2501_m_decontam	LIB015.A0101_m_decontam	LIB014.A0101_m_decontam	FDM001_m_decontam	G0021_m_decontam	G0034_m_decontam	G0019_m_decontam	G0016_m_decontam	G0031_m_decontam	MTM013_m_decontam	Gb2wash_m_decontam	EBO001_m_decontam	MTK001_m_decontam	ERR2503700_m_decontam	MTM008_m_decontam	MTM010_m_decontam	MTM004_m_decontam	EXB015.A2601_m_decontam	EXB023.A0101_m_decontam	G0013_m_decontam	G0028_m_decontam	G0012_m_decontam	G0017_m_decontam	MTM006_m_decontam	MTS003_m_decontam	MTM001_m_decontam	MTM002_m_decontam	Gb1wash_m_decontam	GDC002_m_decontam	MTM009_m_decontam	G0036_m_decontam	BS001_m_decontam	G0009_m_decontam	G0020_m_decontam	G0005_m_decontam	G0018_m_decontam	G0026_m_decontam	G0011_m_decontam	MTS001_m_decontam	EXB022.A0101_m_decontam	G0007_m_decontam	BS005_m_decontam	ERR2868193_m_decontam	GDC004_m_decontam	G0014_m_decontam	MTM005_m_decontam	MTS002_m_decontam	LOB001_m_decontam	G0001_m_decontam
bin.9	0.0	0.0	0.0	0.0	0.0	0.0	0.0	0.0	0.0	0.0	0.0	0.0	0.0	0.0	0.0	0.0	0.0	0.0	0.0	0.0	0.0	0.0	0.0	0.0	0.0	0.0	0.0	0.0	0.0	0.0	0.0	0.0	0.0	0.0	0.0	0.0	0.0	0.0	0.0	0.0	0.0	0.0	0.0	0.0	103.077563	0.0	0.0	0.0	0.0	0.0	0.0	0.0	0.0	0.0	0.0	0.0
bin.20	0.0	0.0	0.0	0.0	0.0	0.0	0.0	0.0	0.0	0.0	0.0	0.0	0.0	0.0	0.0	0.0	0.0	0.0	0.0	0.0	0.0	0.0	0.0	0.0	0.0	0.0	0.0	0.0	0.0	0.0	0.0	0.0	0.0	0.0	0.0	0.0	0.0	0.0	0.0	0.0	0.0	0.0	0.0	0.0	58.226086	0.0	0.0	0.0	0.0	0.0	0.0	0.0	0.0	0.0	0.0	0.0
bin.36	0.0	0.0	9.6963635	0.0	0.0	0.0	181.0343535	0.0	0.0	0.0	0.0	0.0	0.0	0.0	0.0	0.0	0.0	0.0	118.55170849999999	0.0	0.0	0.0	0.0	0.0	0.0	0.0	0.0	0.0	54.773413	7.329289	0.0	0.0	0.0	0.0	0.0	13.030028	0.0	0.0	0.0	0.0	0.0	0.0	0.0	29.8357	0.0	0.0	9.640657	0.0	0.0	0.0	0.0	0.0	0.0	0.0	0.0	0.0
bin.4	0.0	0.0	0.0	0.0	0.0	0.0	0.0	0.0	0.0	0.0	0.0	0.0	0.0	0.0	0.0	0.0	0.0	0.0	0.0	0.0	0.0	0.0	0.0	0.0	0.0	0.0	0.0	0.0	0.0	0.0	0.0	0.0	0.0	0.0	0.0	0.0	0.0	0.0	0.0	0.0	0.0	41.753689	0.0	0.0	0.0	0.0	0.0	0.0	0.0	0.0	0.0	0.0	0.0	0.0	0.0	0.0
bin.25	0.548582	0.0	0.0	0.0	0.717103	6.313624000000001	0.0	0.0	0.0	0.0	0.0	0.0	0.0	0.390377	0.0	0.0	0.0	0.0	0.0	0.0	0.0	0.0	0.9400189999999999	0.0	0.0	0.0	0.0	0.0	4.861622	0.0	0.0	0.0	0.0	6.539568	0.0	6.4218980000000006	0.0	0.0	2.433592	0.0	1.6080665	2.317352	0.220902	45.478570500000004	31.056625500000003	0.0	0.0	0.0	0.0	1.100687	17.7109685	53.942481	0.0	7.454078	0.0	0.0
bin.22	0.0	0.0	0.0	0.0	0.0	0.0	0.0	0.0	0.0	0.0	0.0	0.0	0.0	0.0	0.0	0.0	0.0	0.0	0.0	0.0	0.0	0.0	0.0	0.0	0.0	0.0	0.0	0.0	0.0	0.0	0.0	0.0	0.0	0.0	0.0	0.0	0.0	0.0	0.0	0.0	0.0	72.660989	0.0	0.0	0.0	0.0	0.0	0.0	0.0	0.0	0.0	0.0	0.0	0.0	0.0	0.0
bin.6	0.024196	0.0	0.0	0.0	0.730125	0.0	0.0	0.0	0.0	0.0	0.0	0.115963	0.0	0.057337	0.0	0.0	0.600198	0.375531	0.0	0.0	0.0	0.0	0.0	0.0	0.0	0.0	0.0	0.169901	0.0	0.0	0.0	0.0	0.0	1.039419	0.0	0.482284	0.0	0.0	0.0	0.0	0.0	0.873887	0.0	37.682096	0.0	0.0	0.0	0.691587	0.0	0.55216	0.067616	0.0	0.0	0.0	0.0	0.046011
bin.27	0.0	0.0	0.0	0.0	0.0	0.0	0.0	0.0	0.0	0.0	0.0	0.0	0.0	0.0	0.0	0.0	0.0	0.0	0.0	0.0	0.0	0.0	0.0	0.0	0.0	0.0	0.0	0.0	0.0	0.0	0.0	0.0	0.0	0.0	0.0	0.0	0.0	0.0	0.0	0.0	0.0	0.0	0.0	0.253592	0.0	0.0	0.0	0.0	0.0	0.0	193.727623	0.0	0.0	0.0	0.0	0.0
bin.15	0.0	0.0	18.405016	0.0	0.0	1.138606	85.709692	0.0	0.0	0.0	0.0	3.9011585	0.0	0.0	0.0	0.0	1.983156	0.0	182.21309	0.323261	0.0	2.0120500000000003	3.0952	5.507105	0.0	0.0	0.0	0.0	1.961672	1.7500879999999999	3.187463	10.950467499999998	4.217863	0.0	4.028583	1.941043	6.668882	0.0	0.0	0.0	0.0	0.0	0.0	0.0	0.0	0.0	0.0	0.0	0.0	0.0	0.0	0.0	0.0	0.0	0.0	0.0
bin.17	0.0	0.0	0.0	0.0	0.0	0.0	0.0	0.0	0.0	0.0	0.0	0.0	0.0	0.0	0.0	0.0	0.0	0.0	0.0	0.0	0.0	0.0	0.0	0.0	0.0	0.0	0.0	0.0	0.0	0.0	0.0	0.0	0.0	0.0	0.0	0.0	0.0	0.0	0.0	0.0	0.0	56.549714	0.0	0.0	0.0	0.0	0.0	0.0	0.0	0.0	0.0	0.0	0.0	0.0	0.0	0.0
bin.3	0.0	0.0	87.170611	0.0	0.0	0.0	0.0	0.0	0.0	0.0	0.0	0.071571	0.0	109.57013	6.379041	3.199827	0.0	0.0	0.0	0.0	0.0	0.111376	0.0	0.0	0.0	0.0	0.960292	0.0	0.0	0.408282	0.210854	0.0	0.372189	0.0	0.670743	0.0	0.508044	0.0	0.0	281.256187	0.191098	0.043634	0.0	0.0	0.10569	0.173077	0.0	0.0	0.0	0.0	0.0	0.0	0.0	0.0	1.572643	0.62143
bin.33	0.0	0.0	0.0	0.0	0.0	0.0	0.0	0.0	0.0	0.0	0.0	0.0	0.0	0.0	0.0	0.0	0.0	0.0	0.0	0.0	0.0	0.0	0.0	0.0	0.0	0.0	0.0	0.0	0.0	0.0	0.0	0.0	0.0	0.0	0.0	0.0	0.0	0.0	0.0	0.0	0.0	137.328567	0.0	0.0	0.0	0.0	0.0	0.0	0.0	0.0	0.0	0.0	0.0	0.0	0.0	0.0
bin.2	1.942381	2.332321	0.063653	0.854873	5.870179	202.17643	0.0	0.0	81.732745	76.017835	31.550061	58.85232	6.866925	13.786505	23.654407	2.753875	64.530702	26.029277	43.878392	100.775679	0.0	237.483715	32.273136	25.184029	0.0	87.119688	4.535715	3.8327695	10.578192	11.303103	122.297431	22.359102	167.776845	30.517814	111.005754	0.126151	45.348584	1.568593	0.0	6.162084	17.190584	0.055457	0.1556	3.357549	0.502656	152.09567	45.87984	35.793748	0.0	0.823373	0.0	12.07804	445.988768	122.200166	23.811427	0.171324
bin.11	0.516131	0.0	0.0	0.0	121.731399	5.022956000000001	0.0	0.0	0.0	0.0	0.0	2.731316	0.0	0.0	0.0	0.0	2.8178915	0.0	0.0	0.0	16.314898	0.5547605	4.048393	0.0	0.0	0.0	0.5527845	0.0	0.0	0.0	2.802513	0.0	0.0	14.4813395	0.0	1.4606395	0.0	0.0	5.862004499999999	0.0	2.895091	0.0	0.104429	0.0	3.583791	0.0	0.0	0.0	0.0	4.075271	0.4579	12.465266	0.0	29.841545	0.925532	0.0
bin.31	0.0	0.0	0.0	0.0	0.0	0.0	0.0	0.0	4.410134	0.0	0.0	0.0	0.0	0.0	0.0	0.0	0.0	0.0	0.0	0.0	0.0	0.0	0.0	0.0	0.0	0.0	0.0	0.0	0.0	41.401534	0.0	0.0	0.0	0.0	0.044006	467.572779	0.0	0.0	0.0	0.0	0.0	0.0	0.0	0.0	0.0	0.0	15.178751	0.0	0.0	0.0	0.087678	0.0	0.0	0.0	0.0	0.0
bin.7	0.0	0.0	0.0	0.0	0.0	0.0	0.0	0.0	0.0	0.0	0.0	0.0	0.0	0.0	0.0	0.0	0.0	0.0	0.0	0.0	0.0	0.0	0.0	0.0	0.0	0.0	0.0	0.0	0.0	0.0	0.0	0.0	0.0	0.0	0.0	0.0	0.0	0.0	0.0	0.0	0.0	31.470905	0.0	0.0	0.0	0.0	0.0	0.0	0.0	0.0	0.0	0.0	0.0	0.0	0.0	0.0
bin.14	0.0	0.0	0.0	0.0	6.240479	48.144386	0.0	0.0	0.0	0.0	1.37128	0.011608	0.0	0.0	0.0	0.0	3.114081	0.0	0.0	0.201725	0.0	0.0	0.605574	0.0	0.0	0.0	0.0	1.624648	1.223122	0.193271	0.0	0.0	0.286312	2.98019	0.0	0.912908	0.0	0.0	28.680537	0.0	0.0	0.842858	4.580088	345.633404	13.582938	0.0	0.0	6.980352	0.0	7.974945	0.0	0.0	0.0	22.652978	0.0	0.0
bin.13	0.60177	0.0	0.0	0.0	1.308271	131.803816	0.0	0.0	45.487205	44.819617	0.95327	8.124215	7.647709	0.246308	3.414191	0.568899	9.960535	4.646831	2.091808	81.754095	0.0	115.185828	0.392516	6.712572	0.0	37.567859	0.0	1.095281	2.995084	0.292247	10.175083	1.452706	32.328536	7.081205	38.711339	0.0	3.989444	18.073941	0.0	0.707726	0.303559	0.0	0.0	1.747059	0.0	31.005884	21.301379	1.088514	0.0	0.840662	0.0	0.0	58.171826	107.316382	1.309987	0.0
bin.18	29.491251	0.0	0.0	0.0	5.966304	0.0	4.187258	0.0	44.897397	8.57113	10.8783415	0.091107	0.0	0.66043	0.549458	0.0	0.0	3.176639	0.0	0.0	0.0	0.523428	243.862694	1.710727	0.0	11.981546999999999	160.81219099999998	11.644319	0.0	0.0	0.401202	58.410613999999995	0.0	0.0	0.33618099999999995	0.084813	0.530277	0.0	0.0	0.46714750000000005	7.263166	0.264246	9.870759	1.765112	0.0	0.0	10.837242	0.0	0.0	0.0	0.0	0.0	0.858166	1.122928	0.0	0.0
bin.34	0.114263	0.0	0.0	0.0	0.452251	0.0	0.0	0.0	0.0	0.0	1.411486	0.092768	0.0	0.0	4.582088	0.0	1.336097	3.170924	0.0	0.0	0.0	0.0	0.500126	0.0	0.0	0.0	0.0	7.852176	1.23386	0.246299	0.0	0.0	0.0	3.415399	0.058292	0.0	0.0	0.0	1.875705	0.0	0.0	0.0	0.036191	9.813057	0.0	0.0	0.0	0.610581	0.0	0.793033	181.92592	31.891574	0.0	10.38442	0.0	0.0
bin.28	0.0	0.0	0.0	0.0	8.310867	46.72701	0.0	0.0	0.0	0.0	0.0	0.009584	1.128296	0.0	0.0	0.0	1.777116	0.0	0.0	0.0	3.869159	0.0	0.148495	0.0	0.0	0.0	0.0	0.0	0.0	0.102833	0.0	0.0	0.0	0.0	0.0	2.067119	0.0	0.0	2.829057	0.0	0.0	0.011074	147.697448	8.506808	14.539827	0.0	0.0	0.622095	0.0	14.089776	0.0	0.0	0.0	4.308431	0.353603	0.0
bin.21	0.0	26.444406	215.134617	373.556554	1.543081	0.0	194.1020045	0.0	2.440356	0.0	3.382021	1.845539	0.0	0.0	0.0	0.0	1.154036	0.752013	5.717867	0.0	0.0	0.0	0.0	13.664587999999998	0.0	0.0	5.247072	11.977086	26.233918	14.321851	15.9760715	53.372189000000006	0.0	0.0	0.0	57.822678	98.299983	0.0	0.0	0.33753	3.848091	0.157489	4.428304000000001	0.581761	0.630497	3.749008	9.332673	0.0	0.0	0.0	9.29622	4.864884	0.0	0.0	1.602512	0.0
bin.32	0.347059	0.0	0.0	0.0	0.943187	0.741038	0.0	0.0	0.0	0.0	0.192852	0.525511	0.353278	0.394471	0.382231	0.0	2.243801	0.740771	0.0	0.0	0.0	0.0	1.871966	0.0	0.0	0.0	0.059051	3.130495	0.787843	0.817988	0.0	0.0	0.0	7.593714	0.0	1.855749	0.149559	0.0	2.618165	0.0	0.184869	0.39539	0.0	1.15225	1.981178	0.0	0.0	1.860805	0.0	176.975735	8.785249	59.542727	0.0	2.028931	0.0	4.171371
bin.35	0.0	0.0	0.0	0.0	0.0	0.0	0.0	0.0	0.0	0.0	0.0	0.0	0.0	0.0	0.0	0.0	0.0	0.0	0.0	0.0	0.0	0.0	0.0	0.0	0.0	0.0	0.0	0.0	0.0	0.0	0.0	0.0	0.0	0.0	0.0	0.0	0.0	0.0	0.0	0.0	0.0	65.677573	0.0	0.0	0.0	0.0	0.0	0.0	0.0	0.0	0.0	0.0	0.0	0.0	0.0	0.0
bin.30	0.0	0.0	0.0	0.0	2.338244	2.016548	0.0	0.0	0.0	0.0	0.0	0.0	2.241025	0.0	0.0	0.0	0.996974	0.0	0.0	0.0	0.0	0.0	0.0	0.0	0.0	0.0	0.0	0.0	0.0	0.0	0.0	0.0	0.0	0.0	0.0	2.171287	0.0	0.0	0.0	0.0	0.648402	2.482643	5.141313	80.676763	3.896443	0.0	0.0	5.602622	0.0	0.57623	0.0	0.0	0.0	2.5114	0.0	0.0
bin.16	0.0	0.0	0.0	0.0	0.0	0.0	0.0	0.0	0.0	0.0	0.0	0.0	0.0	0.0	0.0	0.0	0.0	0.0	0.0	0.0	0.0	0.0	0.0	0.0	0.0	0.0	0.0	0.0	0.0	0.0	0.0	0.0	0.0	0.0	0.0	0.0	0.0	0.0	0.0	0.0	0.159569	3.008898	0.0	221.348057	0.0	0.0	0.0	4.059271	0.0	0.0	0.0	0.0	0.0	0.0	0.0	0.0
bin.8	0.0	0.0	0.0	0.0	0.0	0.0	0.0	0.0	0.0	0.0	0.0	0.0	0.0	0.0	0.0	0.0	0.0	0.0	0.0	0.0	0.0	0.0	0.0	0.0	0.0	0.0	0.0	0.0	0.0	0.0	0.0	0.0	0.0	0.0	0.0	0.0	0.0	0.0	0.0	0.0	0.0	0.0	49.2632	0.0	0.0	0.0	0.0	0.0	0.0	0.0	0.0	0.0	0.0	0.0	0.0	0.0
bin.29	0.0	0.0	0.0	0.0	9.23992	17.834663	0.0	0.0	43.23474	45.76669	0.0	35.304543	0.0	11.654904	42.104175	16.138795	78.089779	0.0	0.0	23.346263	0.0	56.042762	0.0	18.037792	0.0	74.407833	361.928489	0.0	1.209052	2.940064	48.631728	78.589246	44.065518	26.875442	18.601666	0.0	52.466853	0.0	0.0	19.774167	0.086074	0.0	34.694715	0.370304	8.995289	112.402205	40.054238	5.490925	0.0	1.269198	0.0	87.12059	95.078099	0.38472	223.483568	0.0
bin.10	0.0	0.0	0.0	0.0	4.541886	24.473318	0.0	0.0	17.831844	13.7675	0.0	5.620053	0.0	0.163191	0.719141	0.0	53.9139075	0.0	0.0	1.519961	0.0	29.838853	7.235321	28.315153	0.0	36.451929	2.229363	0.0	0.0	0.0	2.378115	5.3483575000000005	162.1552345	1.739349	2.296111	0.0	5.979106	0.0	0.0	0.0	6.1464	0.0	0.0	0.0	0.253425	66.403219	13.325077499999999	0.0	0.0	0.0	0.0	0.0	60.180439	5.171041499999999	1.2183445000000002	0.0
bin.12	0.0	0.0	0.294355	0.0	0.0	0.0	0.0	0.0	0.0	0.0	0.0	0.041512	0.0	0.0	72.53333	8.773024	0.0	0.0	0.0	0.0	0.0	0.0	0.0	0.0	0.0	0.0	0.0	0.0	0.0	0.0	0.0	0.0	0.0	0.0	0.066618	0.0	0.0	0.0	0.0	0.0	0.0	0.0	0.0	0.0	22.040536	0.0	0.0	0.0	5.926849	0.0	0.0	0.0	0.0	0.0	0.0	0.0
bin.1	0.0	0.0	0.0	0.0	0.0	0.0	0.0	0.0	0.0	0.0	0.0	0.0	0.424748	0.0	0.0	0.0	0.0	0.0	0.0	0.0	0.0	0.0	0.0	0.0	0.0	0.0	0.0	0.0	0.0	0.0	0.0	0.0	0.0	0.0	0.0	0.0	0.0	0.0	0.0	0.0	0.061359	0.0	74.852348	1.518024	0.052463	0.0	0.0	0.0	0.0	0.0	0.0	0.0	0.0	0.0	0.0	0.0
bin.24	0.0	0.0	281.746698	6.303081	0.0	0.0	15.127825	0.0	0.0	0.0	0.0	0.238522	0.0	0.0	0.0	0.0	0.0	0.0	0.0	0.0	0.0	0.0	0.0	0.0	0.0	0.0	0.0	0.0	0.0	2.009456	0.0	1.085043	0.0	0.0	0.0	3.5332175	13.602349	0.0	0.0	0.0	0.5865834999999999	0.0	0.0	0.0	0.0	0.0	0.0	0.0	0.0	0.0	0.0	2.005955	0.0	0.0	0.0	0.0
bin.26	0.0	0.0	113.494352	5.522828	0.213872	0.0	242.860019	0.0	2.957218	0.0	0.0	3.808984	0.0	0.0	0.0	0.0	0.0	0.0	123.319216	0.0	0.0	0.229227	0.0	2.109376	0.0	0.0	0.0	0.0	17.686483	8.5781	4.842569	27.126792	0.595915	0.0	0.786283	405.16896	0.878973	0.0	0.0	0.110365	0.200938	0.014034	0.0	6.571179	0.0	1.974058	10.772956	0.0	0.0	0.0	0.0	0.0	0.0	0.0	0.900887	0.0
bin.19	369.074617	112.205446	0.0	0.0	322.832004	18.096693	0.0	0.0	271.796273	240.278177	133.500042	418.82849	336.767893	348.310184	198.67135	91.750874	168.510692	380.846785	22.561624	434.622591	0.0	133.622135	332.318637	410.714016	0.0	186.346805	58.791123	317.374572	528.008179	212.117867	372.895932	68.455668	14.58558	241.027631	161.641475	0.0	272.953078	0.0	0.0	156.764753	144.336026	12.780997	264.489578	69.32676	16.135988	107.145459	145.151033	358.900046	0.0	0.591295	0.0	112.924404	23.517821	117.029851	128.154577	0.833115
bin.23	0.0	0.0	0.128655	0.0	21.254073	0.0	0.0	0.0	16.139816	21.676754	0.0	11.7776955	0.0	1.055272	1.20553	0.0	9.382029	0.0	0.0	10.0081245	0.0	51.938876	0.0	17.726737	0.0	18.847198	181.604918	0.0	9.687544	0.0	53.233499	0.0	105.497229	0.0	160.254075	0.0	138.977155	0.0	0.0	0.0	0.150011	0.0298285	0.228142	0.0	12.390983	56.187084	8.818696	2.104928	1.87046	0.182381	0.0	18.752663	60.9670175	0.0	277.727641	0.0
